stamp_sec,stamp_nsec,robot,x,y
1776774715,51645084,robot_3,-0.971,-0.705
1776774715,51716848,robot_4,0.371,-1.141
1776774715,51755959,robot_1,0.371,1.141
1776774715,51790577,robot_0,1.200,-0.000
1776774715,51821629,robot_2,-0.971,0.705
1776774716,606966074,robot_3,-0.971,-0.705
1776774716,607000070,robot_4,0.371,-1.141
1776774716,607016637,robot_1,0.371,1.141
1776774716,607030012,robot_0,1.200,0.000
1776774716,607043925,robot_2,-0.971,0.705
1776774716,824984050,robot_3,-0.991,-0.720
1776774716,825007526,robot_4,0.379,-1.165
1776774716,825016959,robot_1,0.379,1.165
1776774716,825030058,robot_0,1.225,0.000
1776774716,825037903,robot_2,-0.991,0.720
1776774717,25529373,robot_3,-1.024,-0.744
1776774717,25576101,robot_4,0.391,-1.203
1776774717,25587257,robot_1,0.399,1.228
1776774717,25596529,robot_0,1.279,0.000
1776774717,25606612,robot_2,-1.018,0.740
1776774717,225831471,robot_3,-1.056,-0.767
1776774717,225855225,robot_4,0.403,-1.241
1776774717,225864583,robot_1,0.420,1.293
1776774717,225871813,robot_0,1.348,0.000
1776774717,225879716,robot_2,-1.041,0.755
1776774717,426328085,robot_3,-1.088,-0.791
1776774717,426353807,robot_4,0.416,-1.279
1776774717,426363359,robot_1,0.432,1.331
1776774717,426371219,robot_0,1.390,0.000
1776774717,426379714,robot_2,-1.074,0.777
1776774717,627878587,robot_3,-1.137,-0.825
1776774717,627930664,robot_4,0.434,-1.336
1776774717,627956959,robot_1,0.445,1.369
1776774717,627978848,robot_0,1.430,0.000
1776774717,627999934,robot_2,-1.108,0.798
1776774717,845279646,robot_3,-1.188,-0.859
1776774717,845303151,robot_4,0.459,-1.408
1776774717,845312243,robot_1,0.458,1.411
1776774717,845319675,robot_0,1.474,-0.000
1776774717,845337668,robot_2,-1.145,0.822
1776774718,65243359,robot_3,-1.226,-0.882
1776774718,65269189,robot_4,0.473,-1.449
1776774718,65279266,robot_1,0.472,1.453
1776774718,65286671,robot_0,1.518,-0.000
1776774718,65295198,robot_2,-1.183,0.845
1776774718,267386541,robot_3,-1.260,-0.903
1776774718,267426628,robot_4,0.494,-1.508
1776774718,267444426,robot_1,0.489,1.505
1776774718,267459434,robot_0,1.559,-0.000
1776774718,267474415,robot_2,-1.216,0.866
1776774718,487099340,robot_3,-1.298,-0.926
1776774718,487129687,robot_4,0.513,-1.567
1776774718,487141239,robot_1,0.505,1.553
1776774718,487149806,robot_0,1.605,-0.000
1776774718,487159915,robot_2,-1.254,0.890
1776774718,705648394,robot_3,-1.336,-0.948
1776774718,705674110,robot_4,0.527,-1.610
1776774718,705683602,robot_1,0.520,1.600
1776774718,705691564,robot_0,1.649,-0.000
1776774718,705700000,robot_2,-1.291,0.913
1776774718,925711625,robot_3,-1.373,-0.971
1776774718,925734372,robot_4,0.548,-1.672
1776774718,925743575,robot_1,0.545,1.677
1776774718,925751119,robot_0,1.693,-0.000
1776774718,925759036,robot_2,-1.328,0.937
1776774719,144966066,robot_3,-1.411,-0.994
1776774719,144989825,robot_4,0.563,-1.720
1776774719,145000033,robot_1,0.561,1.726
1776774719,145007895,robot_0,1.737,-0.000
1776774719,145015915,robot_2,-1.365,0.960
1776774719,347426640,robot_3,-1.445,-1.015
1776774719,347491541,robot_4,0.576,-1.758
1776774719,347508938,robot_1,0.574,1.766
1776774719,347523488,robot_0,1.779,-0.000
1776774719,347546555,robot_2,-1.399,0.982
1776774719,566336294,robot_3,-1.483,-1.037
1776774719,566366315,robot_4,0.589,-1.800
1776774719,566378514,robot_1,0.589,1.812
1776774719,566388617,robot_0,1.838,-0.000
1776774719,566399321,robot_2,-1.436,1.005
1776774719,785447910,robot_3,-1.520,-1.060
1776774719,785470179,robot_4,0.603,-1.841
1776774719,785479213,robot_1,0.602,1.854
1776774719,785487223,robot_0,1.886,-0.000
1776774719,785495346,robot_2,-1.474,1.029
1776774719,985685784,robot_3,-1.555,-1.081
1776774719,985710935,robot_4,0.616,-1.880
1776774719,985720927,robot_1,0.613,1.887
1776774719,985728550,robot_0,1.921,-0.000
1776774719,985737546,robot_2,-1.515,1.054
1776774720,185861605,robot_3,-1.589,-1.102
1776774720,185887240,robot_4,0.628,-1.918
1776774720,185898003,robot_1,0.623,1.919
1776774720,185906496,robot_0,1.949,-0.000
1776774720,185915649,robot_2,-1.576,1.093
1776774720,386510854,robot_3,-1.623,-1.122
1776774720,386564258,robot_4,0.640,-1.956
1776774720,386580797,robot_1,0.636,1.957
1776774720,386593521,robot_0,1.987,-0.000
1776774720,386607782,robot_2,-1.618,1.119
1776774720,586615684,robot_3,-1.649,-1.138
1776774720,586644917,robot_4,0.653,-1.994
1776774720,586655774,robot_1,0.648,1.995
1776774720,586663818,robot_0,2.027,-0.000
1776774720,586684075,robot_2,-1.648,1.139
1776774720,806957469,robot_3,-1.675,-1.154
1776774720,806994953,robot_4,0.667,-2.035
1776774720,807016631,robot_1,0.662,2.037
1776774720,807033273,robot_0,2.071,-0.000
1776774720,807042380,robot_2,-1.676,1.156
1776774721,26609380,robot_3,-1.713,-1.177
1776774721,26640696,robot_4,0.680,-2.077
1776774721,26654482,robot_1,0.675,2.079
1776774721,26664918,robot_0,2.115,-0.000
1776774721,26676090,robot_2,-1.713,1.179
1776774721,246006401,robot_3,-1.766,-1.209
1776774721,246032554,robot_4,0.694,-2.119
1776774721,246043215,robot_1,0.689,2.120
1776774721,246051687,robot_0,2.159,-0.000
1776774721,246060345,robot_2,-1.750,1.203
1776774721,466287119,robot_3,-1.813,-1.237
1776774721,466325000,robot_4,0.708,-2.161
1776774721,466343766,robot_1,0.703,2.162
1776774721,466359817,robot_0,2.198,-0.000
1776774721,466375681,robot_2,-1.787,1.226
1776774721,667352222,robot_3,-1.848,-1.258
1776774721,667383323,robot_4,0.720,-2.199
1776774721,667397806,robot_1,0.715,2.200
1776774721,667411291,robot_0,2.198,-0.000
1776774721,667424178,robot_2,-1.821,1.248
1776774721,886539928,robot_3,-1.903,-1.291
1776774721,886564657,robot_4,0.734,-2.241
1776774721,886574737,robot_1,0.729,2.242
1776774721,886582970,robot_0,2.198,-0.000
1776774721,886590503,robot_2,-1.852,1.267
1776774722,105732333,robot_3,-1.946,-1.318
1776774722,105758243,robot_4,0.747,-2.282
1776774722,105769548,robot_1,0.742,2.284
1776774722,105778643,robot_0,2.198,-0.001
1776774722,105785610,robot_2,-1.885,1.287
1776774722,306911775,robot_3,-1.980,-1.338
1776774722,306935898,robot_4,0.760,-2.320
1776774722,306947748,robot_1,0.755,2.323
1776774722,306957605,robot_0,2.198,-0.001
1776774722,306966709,robot_2,-1.920,1.307
1776774722,526316231,robot_3,-2.018,-1.361
1776774722,526364350,robot_4,0.774,-2.362
1776774722,526378743,robot_1,0.771,2.370
1776774722,526389995,robot_0,2.199,-0.001
1776774722,526400909,robot_2,-1.958,1.330
1776774722,745634373,robot_3,-2.056,-1.384
1776774722,745654803,robot_4,0.787,-2.404
1776774722,745663182,robot_1,0.786,2.412
1776774722,745669357,robot_0,2.199,-0.001
1776774722,745675892,robot_2,-1.996,1.352
1776774722,966005328,robot_3,-2.103,-1.412
1776774722,966025920,robot_4,0.803,-2.453
1776774722,966035339,robot_1,0.801,2.453
1776774722,966043332,robot_0,2.199,-0.001
1776774722,966050507,robot_2,-2.032,1.373
1776774723,185010602,robot_3,-2.157,-1.445
1776774723,185029564,robot_4,0.824,-2.518
1776774723,185036604,robot_1,0.816,2.494
1776774723,185042265,robot_0,2.200,-0.001
1776774723,185048133,robot_2,-2.064,1.392
1776774723,386028640,robot_3,-2.192,-1.466
1776774723,386053675,robot_4,0.837,-2.557
1776774723,386064627,robot_1,0.830,2.532
1776774723,386074393,robot_0,2.200,-0.001
1776774723,386082860,robot_2,-2.097,1.411
1776774723,586983743,robot_3,-2.226,-1.487
1776774723,587004061,robot_4,0.849,-2.593
1776774723,587011511,robot_1,0.843,2.569
1776774723,587017922,robot_0,2.200,-0.001
1776774723,587023777,robot_2,-2.137,1.434
1776774723,805752059,robot_3,-2.263,-1.510
1776774723,805782967,robot_4,0.861,-2.631
1776774723,805798772,robot_1,0.859,2.611
1776774723,805810746,robot_0,2.200,-0.001
1776774723,805822627,robot_2,-2.194,1.468
1776774724,25441460,robot_3,-2.301,-1.532
1776774724,25469189,robot_4,0.875,-2.673
1776774724,25481460,robot_1,0.874,2.652
1776774724,25490362,robot_0,2.201,-0.001
1776774724,25499005,robot_2,-2.234,1.492
1776774724,226020620,robot_3,-2.335,-1.553
1776774724,226043796,robot_4,0.884,-2.699
1776774724,226054565,robot_1,0.886,2.687
1776774724,226064165,robot_0,2.201,-0.001
1776774724,226072478,robot_2,-2.269,1.512
1776774724,426188362,robot_3,-2.370,-1.574
1776774724,426209491,robot_4,0.891,-2.723
1776774724,426219213,robot_1,0.898,2.723
1776774724,426227220,robot_0,2.201,-0.001
1776774724,426235189,robot_2,-2.303,1.532
1776774724,628291802,robot_3,-2.404,-1.594
1776774724,628314768,robot_4,0.902,-2.761
1776774724,628322924,robot_1,0.909,2.761
1776774724,628329063,robot_0,2.201,-0.000
1776774724,628335072,robot_2,-2.338,1.552
1776774724,845654849,robot_3,-2.441,-1.617
1776774724,845685045,robot_4,0.914,-2.804
1776774724,845694575,robot_1,0.917,2.789
1776774724,845701333,robot_0,2.201,-0.000
1776774724,845708179,robot_2,-2.376,1.574
1776774725,64459869,robot_3,-2.479,-1.640
1776774725,64479379,robot_4,0.926,-2.846
1776774725,64486218,robot_1,0.927,2.823
1776774725,64491744,robot_0,2.201,0.000
1776774725,64511107,robot_2,-2.414,1.597
1776774725,266577122,robot_3,-2.514,-1.661
1776774725,266601773,robot_4,0.937,-2.885
1776774725,266612934,robot_1,0.938,2.862
1776774725,266620939,robot_0,2.201,0.000
1776774725,266629654,robot_2,-2.448,1.617
1776774725,486159924,robot_3,-2.580,-1.701
1776774725,486184337,robot_4,0.956,-2.953
1776774725,486194736,robot_1,0.949,2.901
1776774725,486203236,robot_0,2.201,0.000
1776774725,486211945,robot_2,-2.499,1.647
1776774725,686249366,robot_3,-2.626,-1.729
1776774725,686271860,robot_4,0.972,-3.007
1776774725,686290702,robot_1,0.960,2.939
1776774725,686298451,robot_0,2.201,0.000
1776774725,686305057,robot_2,-2.546,1.674
1776774725,905336968,robot_3,-2.663,-1.751
1776774725,905364596,robot_4,0.984,-3.050
1776774725,905378026,robot_1,0.972,2.980
1776774725,905388105,robot_0,2.201,0.001
1776774725,905398095,robot_2,-2.584,1.696
1776774726,125068001,robot_3,-2.701,-1.774
1776774726,125088003,robot_4,0.996,-3.092
1776774726,125095442,robot_1,0.984,3.020
1776774726,125108036,robot_0,2.201,0.001
1776774726,125113764,robot_2,-2.645,1.732
1776774726,344762867,robot_3,-2.739,-1.797
1776774726,344783292,robot_4,1.008,-3.134
1776774726,344803496,robot_1,0.996,3.062
1776774726,344811035,robot_0,2.201,0.001
1776774726,344817856,robot_2,-2.692,1.760
1776774726,545550347,robot_3,-2.767,-1.814
1776774726,545567999,robot_4,1.019,-3.173
1776774726,545575093,robot_1,1.007,3.100
1776774726,545587663,robot_0,2.201,0.001
1776774726,545593029,robot_2,-2.692,1.759
1776774726,764525314,robot_3,-2.791,-1.829
1776774726,764549140,robot_4,1.031,-3.215
1776774726,764556488,robot_1,1.019,3.143
1776774726,764562477,robot_0,2.201,0.002
1776774726,764568276,robot_2,-2.692,1.759
1776774726,964746242,robot_3,-2.823,-1.853
1776774726,964763277,robot_4,1.042,-3.254
1776774726,964769994,robot_1,1.031,3.181
1776774726,964775395,robot_0,2.200,0.002
1776774726,964780473,robot_2,-2.692,1.759
1776774727,166301142,robot_3,-2.855,-1.876
1776774727,166328943,robot_4,1.051,-3.288
1776774727,166340090,robot_1,1.039,3.212
1776774727,166349467,robot_0,2.200,0.002
1776774727,166358968,robot_2,-2.693,1.759
1776774727,385803199,robot_3,-2.891,-1.902
1776774727,385822530,robot_4,1.059,-3.320
1776774727,385830681,robot_1,1.049,3.240
1776774727,385837436,robot_0,2.200,0.002
1776774727,385843245,robot_2,-2.693,1.759
1776774727,587014783,robot_3,-2.923,-1.926
1776774727,587060855,robot_4,1.068,-3.359
1776774727,587080828,robot_1,1.062,3.278
1776774727,587097442,robot_0,2.200,0.002
1776774727,587113670,robot_2,-2.693,1.759
1776774727,804425879,robot_3,-2.974,-1.963
1776774727,804443376,robot_4,1.079,-3.409
1776774727,804450662,robot_1,1.078,3.324
1776774727,804456148,robot_0,2.200,0.002
1776774727,804462249,robot_2,-2.694,1.759
1776774728,5191744,robot_3,-3.025,-2.000
1776774728,5219875,robot_4,1.090,-3.459
1776774728,5228280,robot_1,1.092,3.367
1776774728,5235878,robot_0,2.200,0.002
1776774728,5242641,robot_2,-2.694,1.759
1776774728,205808453,robot_3,-3.057,-2.024
1776774728,205833066,robot_4,1.099,-3.498
1776774728,205844264,robot_1,1.102,3.406
1776774728,205852424,robot_0,2.199,0.002
1776774728,205861098,robot_2,-2.694,1.759
1776774728,405993882,robot_3,-3.090,-2.048
1776774728,406016828,robot_4,1.107,-3.537
1776774728,406027751,robot_1,1.114,3.446
1776774728,406037005,robot_0,2.199,0.002
1776774728,406045940,robot_2,-2.695,1.759
1776774728,624773230,robot_3,-3.125,-2.073
1776774728,624792246,robot_4,1.117,-3.580
1776774728,624799084,robot_1,1.126,3.490
1776774728,624804854,robot_0,2.199,0.002
1776774728,624809998,robot_2,-2.695,1.759
1776774728,845107461,robot_3,-3.161,-2.099
1776774728,845130307,robot_4,1.127,-3.623
1776774728,845139482,robot_1,1.137,3.532
1776774728,845146234,robot_0,2.198,0.001
1776774728,845154419,robot_2,-2.695,1.759
1776774729,66295283,robot_3,-3.196,-2.125
1776774729,66323387,robot_4,1.140,-3.683
1776774729,66337391,robot_1,1.149,3.575
1776774729,66349248,robot_0,2.198,0.001
1776774729,66360319,robot_2,-2.694,1.759
1776774729,284809443,robot_3,-3.232,-2.151
1776774729,284844152,robot_4,1.153,-3.739
1776774729,284856814,robot_1,1.161,3.617
1776774729,284867105,robot_0,2.198,0.001
1776774729,284876877,robot_2,-2.694,1.759
1776774729,485776542,robot_3,-3.264,-2.175
1776774729,485802547,robot_4,1.162,-3.778
1776774729,485813621,robot_1,1.171,3.654
1776774729,485821901,robot_0,2.198,0.001
1776774729,485829548,robot_2,-2.694,1.759
1776774729,705705895,robot_3,-3.299,-2.201
1776774729,705730273,robot_4,1.171,-3.821
1776774729,705740627,robot_1,1.178,3.679
1776774729,705748690,robot_0,2.198,0.000
1776774729,705757081,robot_2,-2.693,1.759
1776774729,925471628,robot_3,-3.335,-2.227
1776774729,925500130,robot_4,1.181,-3.864
1776774729,925512900,robot_1,1.188,3.718
1776774729,925524051,robot_0,2.198,-0.000
1776774729,925534397,robot_2,-2.693,1.759
1776774730,126962093,robot_3,-3.367,-2.251
1776774730,126995904,robot_4,1.191,-3.906
1776774730,127010524,robot_1,1.201,3.764
1776774730,127023266,robot_0,2.198,-0.000
1776774730,127034564,robot_2,-2.693,1.759
1776774730,344490992,robot_3,-3.403,-2.277
1776774730,344508202,robot_4,1.205,-3.965
1776774730,344515296,robot_1,1.220,3.837
1776774730,344522035,robot_0,2.198,-0.001
1776774730,344528020,robot_2,-2.693,1.760
1776774730,545158325,robot_3,-3.435,-2.300
1776774730,545179145,robot_4,1.218,-4.007
1776774730,545197040,robot_1,1.230,3.879
1776774730,545204383,robot_0,2.199,-0.001
1776774730,545211365,robot_2,-2.692,1.760
1776774730,745201098,robot_3,-3.467,-2.324
1776774730,745219609,robot_4,1.230,-4.045
1776774730,745228656,robot_1,1.238,3.918
1776774730,745235421,robot_0,2.199,-0.001
1776774730,745241670,robot_2,-2.692,1.760
1776774730,965725997,robot_3,-3.503,-2.350
1776774730,965747813,robot_4,1.243,-4.087
1776774730,965758163,robot_1,1.248,3.961
1776774730,965765486,robot_0,2.199,-0.001
1776774730,965773700,robot_2,-2.692,1.761
1776774731,165971187,robot_3,-3.535,-2.373
1776774731,165993406,robot_4,1.255,-4.125
1776774731,166001726,robot_1,1.257,4.000
1776774731,166008384,robot_0,2.199,-0.001
1776774731,166015130,robot_2,-2.692,1.761
1776774731,366646391,robot_3,-3.554,-2.387
1776774731,366688460,robot_4,1.269,-4.169
1776774731,366711912,robot_1,1.269,4.053
1776774731,366751608,robot_0,2.200,-0.001
1776774731,366770090,robot_2,-2.692,1.761
1776774731,588460972,robot_3,-3.554,-2.387
1776774731,588481904,robot_4,1.288,-4.226
1776774731,588489637,robot_1,1.286,4.128
1776774731,588495512,robot_0,2.200,-0.001
1776774731,588501230,robot_2,-2.692,1.761
1776774731,805475704,robot_3,-3.554,-2.387
1776774731,805502787,robot_4,1.301,-4.268
1776774731,805515172,robot_1,1.296,4.172
1776774731,805525318,robot_0,2.200,-0.001
1776774731,805535491,robot_2,-2.693,1.762
1776774732,24440015,robot_3,-3.554,-2.388
1776774732,24458038,robot_4,1.315,-4.311
1776774732,24464792,robot_1,1.311,4.239
1776774732,24470690,robot_0,2.200,-0.001
1776774732,24476191,robot_2,-2.693,1.762
1776774732,226462375,robot_3,-3.554,-2.388
1776774732,226488871,robot_4,1.329,-4.351
1776774732,226500056,robot_1,1.324,4.304
1776774732,226508880,robot_0,2.200,-0.001
1776774732,226517916,robot_2,-2.693,1.762
1776774732,445586729,robot_3,-3.554,-2.389
1776774732,445608232,robot_4,1.344,-4.392
1776774732,445617157,robot_1,1.333,4.347
1776774732,445623852,robot_0,2.201,-0.001
1776774732,445630477,robot_2,-2.693,1.762
1776774732,666445174,robot_3,-3.554,-2.389
1776774732,666477575,robot_4,1.367,-4.456
1776774732,666492128,robot_1,1.347,4.418
1776774732,666504491,robot_0,2.201,-0.001
1776774732,666517592,robot_2,-2.693,1.762
1776774732,866695548,robot_3,-3.554,-2.389
1776774732,866726849,robot_4,1.388,-4.511
1776774732,866742137,robot_1,1.358,4.471
1776774732,866754394,robot_0,2.201,-0.001
1776774732,866766622,robot_2,-2.693,1.762
1776774733,67153256,robot_3,-3.554,-2.389
1776774733,67196885,robot_4,1.402,-4.548
1776774733,67219855,robot_1,1.365,4.510
1776774733,67238762,robot_0,2.201,-0.000
1776774733,67256646,robot_2,-2.693,1.762
1776774733,286194025,robot_3,-3.555,-2.390
1776774733,286220630,robot_4,1.410,-4.572
1776774733,286231755,robot_1,1.371,4.541
1776774733,286241078,robot_0,2.201,-0.000
1776774733,286250102,robot_2,-2.693,1.762
1776774733,504286732,robot_3,-3.555,-2.390
1776774733,504303564,robot_4,1.422,-4.605
1776774733,504310269,robot_1,1.379,4.581
1776774733,504315447,robot_0,2.201,0.000
1776774733,504320878,robot_2,-2.693,1.761
1776774733,704943361,robot_3,-3.555,-2.390
1776774733,704959603,robot_4,1.436,-4.641
1776774733,704966819,robot_1,1.386,4.615
1776774733,704972412,robot_0,2.201,0.000
1776774733,704977879,robot_2,-2.693,1.761
1776774733,924540813,robot_3,-3.555,-2.390
1776774733,924560728,robot_4,1.436,-4.643
1776774733,924567612,robot_1,1.386,4.615
1776774733,924573761,robot_0,2.201,0.000
1776774733,924580929,robot_2,-2.693,1.760
1776774734,124685690,robot_3,-3.555,-2.390
1776774734,124707979,robot_4,1.436,-4.643
1776774734,124715499,robot_1,1.386,4.615
1776774734,124721483,robot_0,2.201,0.001
1776774734,124726924,robot_2,-2.693,1.760
1776774734,344185752,robot_3,-3.555,-2.390
1776774734,344203676,robot_4,1.437,-4.643
1776774734,344210590,robot_1,1.386,4.616
1776774734,344216081,robot_0,2.201,0.001
1776774734,344221820,robot_2,-2.693,1.760
1776774734,545035611,robot_3,-3.556,-2.390
1776774734,545051609,robot_4,1.437,-4.643
1776774734,545058434,robot_1,1.385,4.616
1776774734,545063832,robot_0,2.201,0.001
1776774734,545069119,robot_2,-2.693,1.760
1776774734,764505430,robot_3,-3.556,-2.390
1776774734,764523238,robot_4,1.438,-4.643
1776774734,764530121,robot_1,1.385,4.616
1776774734,764535561,robot_0,2.201,0.001
1776774734,764547068,robot_2,-2.693,1.759
1776774734,964864651,robot_3,-3.556,-2.390
1776774734,964886367,robot_4,1.438,-4.643
1776774734,964893120,robot_1,1.385,4.616
1776774734,964898782,robot_0,2.201,0.002
1776774734,964904396,robot_2,-2.693,1.759
1776774735,165959286,robot_3,-3.557,-2.390
1776774735,165982780,robot_4,1.438,-4.643
1776774735,165990921,robot_1,1.385,4.617
1776774735,165997438,robot_0,2.201,0.002
1776774735,166003893,robot_2,-2.693,1.760
1776774735,366132262,robot_3,-3.557,-2.389
1776774735,366149761,robot_4,1.438,-4.644
1776774735,366156485,robot_1,1.385,4.617
1776774735,366162206,robot_0,2.200,0.002
1776774735,366167630,robot_2,-2.693,1.760
1776774735,566464261,robot_3,-3.557,-2.389
1776774735,566487368,robot_4,1.439,-4.644
1776774735,566497967,robot_1,1.385,4.617
1776774735,566505906,robot_0,2.200,0.002
1776774735,566514116,robot_2,-2.693,1.760
1776774735,766578584,robot_3,-3.557,-2.389
1776774735,766602450,robot_4,1.439,-4.644
1776774735,766612503,robot_1,1.385,4.618
1776774735,766620634,robot_0,2.200,0.002
1776774735,766628908,robot_2,-2.693,1.761
1776774735,986043568,robot_3,-3.557,-2.389
1776774735,986073171,robot_4,1.439,-4.645
1776774735,986082871,robot_1,1.385,4.618
1776774735,986090007,robot_0,2.199,0.002
1776774735,986096909,robot_2,-2.693,1.761
1776774736,206593417,robot_3,-3.557,-2.389
1776774736,206617821,robot_4,1.439,-4.645
1776774736,206629541,robot_1,1.385,4.618
1776774736,206635348,robot_0,2.199,0.002
1776774736,206640672,robot_2,-2.693,1.761
1776774736,425517908,robot_3,-3.557,-2.389
1776774736,425534609,robot_4,1.439,-4.644
1776774736,425547290,robot_1,1.385,4.618
1776774736,425553449,robot_0,2.199,0.002
1776774736,425559507,robot_2,-2.693,1.761
1776774736,644622053,robot_3,-3.557,-2.389
1776774736,644639445,robot_4,1.438,-4.644
1776774736,644646063,robot_1,1.385,4.618
1776774736,644651343,robot_0,2.199,0.001
1776774736,644656487,robot_2,-2.694,1.762
1776774736,845195733,robot_3,-3.557,-2.389
1776774736,845231308,robot_4,1.438,-4.644
1776774736,845243097,robot_1,1.385,4.619
1776774736,845251638,robot_0,2.198,0.001
1776774736,845260048,robot_2,-2.694,1.762
1776774737,65342214,robot_3,-3.556,-2.389
1776774737,65364435,robot_4,1.438,-4.644
1776774737,65371630,robot_1,1.385,4.619
1776774737,65377194,robot_0,2.198,0.001
1776774737,65383090,robot_2,-2.694,1.762
1776774737,266700469,robot_3,-3.556,-2.389
1776774737,266738199,robot_4,1.438,-4.644
1776774737,266755615,robot_1,1.386,4.619
1776774737,266769307,robot_0,2.198,0.000
1776774737,266782002,robot_2,-2.695,1.762
1776774737,485837600,robot_3,-3.556,-2.389
1776774737,485860290,robot_4,1.437,-4.644
1776774737,485871144,robot_1,1.386,4.619
1776774737,485879821,robot_0,2.198,0.000
1776774737,485888154,robot_2,-2.695,1.762
1776774737,705412140,robot_3,-3.555,-2.389
1776774737,705438961,robot_4,1.437,-4.644
1776774737,705449582,robot_1,1.387,4.619
1776774737,705458371,robot_0,2.238,-0.006
1776774737,705466655,robot_2,-2.695,1.762
1776774737,906124869,robot_3,-3.555,-2.389
1776774737,906146019,robot_4,1.437,-4.644
1776774737,906156574,robot_1,1.387,4.619
1776774737,906165245,robot_0,2.285,-0.013
1776774737,906172832,robot_2,-2.695,1.762
1776774738,107530823,robot_3,-3.555,-2.389
1776774738,107560847,robot_4,1.436,-4.644
1776774738,107567367,robot_1,1.387,4.619
1776774738,107572369,robot_0,2.325,-0.019
1776774738,107577370,robot_2,-2.696,1.762
1776774738,326076078,robot_3,-3.555,-2.389
1776774738,326103581,robot_4,1.436,-4.644
1776774738,326114256,robot_1,1.388,4.619
1776774738,326123554,robot_0,2.368,-0.025
1776774738,326131883,robot_2,-2.696,1.761
1776774738,545352504,robot_3,-3.554,-2.388
1776774738,545369444,robot_4,1.436,-4.644
1776774738,545376461,robot_1,1.388,4.619
1776774738,545381999,robot_0,2.412,-0.032
1776774738,545387697,robot_2,-2.696,1.761
1776774738,764226640,robot_3,-3.554,-2.388
1776774738,764242379,robot_4,1.436,-4.645
1776774738,764249200,robot_1,1.387,4.619
1776774738,764254763,robot_0,2.450,-0.038
1776774738,764259845,robot_2,-2.696,1.761
1776774738,965444391,robot_3,-3.554,-2.388
1776774738,965467663,robot_4,1.436,-4.645
1776774738,965474663,robot_1,1.387,4.619
1776774738,965480291,robot_0,2.451,-0.038
1776774738,965485318,robot_2,-2.696,1.761
1776774739,167034351,robot_3,-3.554,-2.387
1776774739,167072399,robot_4,1.436,-4.645
1776774739,167093543,robot_1,1.387,4.619
1776774739,167111234,robot_0,2.451,-0.038
1776774739,167128456,robot_2,-2.696,1.762
1776774739,385740186,robot_3,-3.555,-2.387
1776774739,385768023,robot_4,1.436,-4.646
1776774739,385781418,robot_1,1.387,4.619
1776774739,385791910,robot_0,2.451,-0.037
1776774739,385801971,robot_2,-2.695,1.762
1776774739,589314333,robot_3,-3.555,-2.387
1776774739,589356364,robot_4,1.436,-4.646
1776774739,589374866,robot_1,1.386,4.619
1776774739,589390756,robot_0,2.451,-0.037
1776774739,589405454,robot_2,-2.695,1.762
1776774739,805337890,robot_3,-3.585,-2.401
1776774739,805355036,robot_4,1.436,-4.646
1776774739,805362058,robot_1,1.386,4.619
1776774739,805368033,robot_0,2.451,-0.037
1776774739,805373556,robot_2,-2.695,1.762
1776774740,26193125,robot_3,-3.646,-2.431
1776774740,26212892,robot_4,1.436,-4.646
1776774740,26221072,robot_1,1.386,4.618
1776774740,26227764,robot_0,2.452,-0.037
1776774740,26233815,robot_2,-2.694,1.762
1776774740,244681660,robot_3,-3.686,-2.450
1776774740,244700017,robot_4,1.436,-4.646
1776774740,244708132,robot_1,1.386,4.618
1776774740,244714346,robot_0,2.452,-0.036
1776774740,244720614,robot_2,-2.694,1.761
1776774740,444814850,robot_3,-3.722,-2.468
1776774740,444831094,robot_4,1.436,-4.646
1776774740,444837917,robot_1,1.386,4.618
1776774740,444843822,robot_0,2.452,-0.036
1776774740,444849286,robot_2,-2.694,1.761
1776774740,665524889,robot_3,-3.762,-2.487
1776774740,665552088,robot_4,1.436,-4.647
1776774740,665562054,robot_1,1.386,4.617
1776774740,665569667,robot_0,2.453,-0.036
1776774740,665577310,robot_2,-2.693,1.761
1776774740,866017638,robot_3,-3.798,-2.504
1776774740,866041376,robot_4,1.436,-4.647
1776774740,866052329,robot_1,1.386,4.617
1776774740,866061053,robot_0,2.453,-0.036
1776774740,866069563,robot_2,-2.696,1.758
1776774741,85183588,robot_3,-3.840,-2.525
1776774741,85203418,robot_4,1.437,-4.647
1776774741,85210646,robot_1,1.386,4.617
1776774741,85216279,robot_0,2.453,-0.036
1776774741,85221567,robot_2,-2.738,1.723
1776774741,304227005,robot_3,-3.859,-2.534
1776774741,304243503,robot_4,1.437,-4.647
1776774741,304250129,robot_1,1.386,4.616
1776774741,304255699,robot_0,2.453,-0.036
1776774741,304260666,robot_2,-2.773,1.693
1776774741,504386283,robot_3,-3.859,-2.534
1776774741,504401539,robot_4,1.437,-4.647
1776774741,504409838,robot_1,1.386,4.616
1776774741,504415426,robot_0,2.453,-0.036
1776774741,504421019,robot_2,-2.796,1.674
1776774741,705677176,robot_3,-3.859,-2.534
1776774741,705702265,robot_4,1.437,-4.647
1776774741,705714632,robot_1,1.386,4.616
1776774741,705724499,robot_0,2.452,-0.037
1776774741,705734143,robot_2,-2.796,1.674
1776774741,924148628,robot_3,-3.859,-2.534
1776774741,924164788,robot_4,1.438,-4.647
1776774741,924171432,robot_1,1.387,4.616
1776774741,924176766,robot_0,2.452,-0.037
1776774741,924182218,robot_2,-2.796,1.674
1776774742,125883572,robot_3,-3.859,-2.535
1776774742,125909531,robot_4,1.438,-4.647
1776774742,125916342,robot_1,1.387,4.616
1776774742,125922739,robot_0,2.452,-0.037
1776774742,125928937,robot_2,-2.796,1.674
1776774742,344731198,robot_3,-3.859,-2.535
1776774742,344748336,robot_4,1.438,-4.647
1776774742,344755363,robot_1,1.387,4.616
1776774742,344761736,robot_0,2.452,-0.037
1776774742,344767385,robot_2,-2.796,1.674
1776774742,565063420,robot_3,-3.859,-2.535
1776774742,565079791,robot_4,1.439,-4.646
1776774742,565086216,robot_1,1.387,4.616
1776774742,565091276,robot_0,2.451,-0.037
1776774742,565096142,robot_2,-2.797,1.674
1776774742,765093155,robot_3,-3.859,-2.536
1776774742,765111978,robot_4,1.439,-4.646
1776774742,765118372,robot_1,1.387,4.616
1776774742,765123305,robot_0,2.451,-0.038
1776774742,765128695,robot_2,-2.797,1.674
1776774742,985864855,robot_3,-3.859,-2.536
1776774742,985884022,robot_4,1.439,-4.646
1776774742,985892616,robot_1,1.386,4.616
1776774742,985899208,robot_0,2.451,-0.038
1776774742,985905403,robot_2,-2.797,1.674
1776774743,204328977,robot_3,-3.860,-2.536
1776774743,204345925,robot_4,1.439,-4.646
1776774743,204352974,robot_1,1.386,4.617
1776774743,204359082,robot_0,2.451,-0.038
1776774743,204364864,robot_2,-2.798,1.674
1776774743,406725788,robot_3,-3.860,-2.536
1776774743,406751761,robot_4,1.439,-4.645
1776774743,406762756,robot_1,1.386,4.617
1776774743,406771424,robot_0,2.451,-0.039
1776774743,406780540,robot_2,-2.798,1.674
1776774743,624531119,robot_3,-3.860,-2.536
1776774743,624558473,robot_4,1.439,-4.645
1776774743,624566625,robot_1,1.386,4.617
1776774743,624572372,robot_0,2.452,-0.039
1776774743,624578234,robot_2,-2.798,1.673
1776774743,825104441,robot_3,-3.860,-2.536
1776774743,825120763,robot_4,1.439,-4.645
1776774743,825127866,robot_1,1.386,4.618
1776774743,825133254,robot_0,2.452,-0.039
1776774743,825139014,robot_2,-2.798,1.673
1776774744,26111619,robot_3,-3.860,-2.536
1776774744,26136898,robot_4,1.439,-4.645
1776774744,26147358,robot_1,1.386,4.618
1776774744,26156163,robot_0,2.452,-0.039
1776774744,26164036,robot_2,-2.798,1.673
1776774744,244464286,robot_3,-3.860,-2.536
1776774744,244480896,robot_4,1.439,-4.645
1776774744,244487636,robot_1,1.386,4.618
1776774744,244492877,robot_0,2.452,-0.040
1776774744,244497860,robot_2,-2.798,1.673
1776774744,465875881,robot_3,-3.859,-2.536
1776774744,465899422,robot_4,1.439,-4.646
1776774744,465909121,robot_1,1.386,4.618
1776774744,465916528,robot_0,2.453,-0.040
1776774744,465924435,robot_2,-2.798,1.673
1776774744,685300062,robot_3,-3.859,-2.535
1776774744,685318608,robot_4,1.439,-4.646
1776774744,685328502,robot_1,1.386,4.618
1776774744,685335609,robot_0,2.453,-0.040
1776774744,685342671,robot_2,-2.798,1.673
1776774744,885820241,robot_3,-3.859,-2.535
1776774744,885851854,robot_4,1.438,-4.646
1776774744,885861405,robot_1,1.386,4.618
1776774744,885868747,robot_0,2.453,-0.040
1776774744,885876206,robot_2,-2.798,1.672
1776774745,106389459,robot_3,-3.859,-2.535
1776774745,106408726,robot_4,1.438,-4.647
1776774745,106415561,robot_1,1.386,4.618
1776774745,106421416,robot_0,2.453,-0.040
1776774745,106426968,robot_2,-2.798,1.672
1776774745,326356612,robot_3,-3.859,-2.534
1776774745,326382509,robot_4,1.438,-4.647
1776774745,326394657,robot_1,1.386,4.617
1776774745,326405423,robot_0,2.452,-0.039
1776774745,326414938,robot_2,-2.798,1.672
1776774745,545260906,robot_3,-3.859,-2.534
1776774745,545278013,robot_4,1.437,-4.647
1776774745,545285621,robot_1,1.386,4.617
1776774745,545291228,robot_0,2.452,-0.039
1776774745,545297173,robot_2,-2.798,1.671
1776774745,746225646,robot_3,-3.860,-2.534
1776774745,746248001,robot_4,1.437,-4.647
1776774745,746258410,robot_1,1.387,4.617
1776774745,746266316,robot_0,2.452,-0.039
1776774745,746273613,robot_2,-2.798,1.671
1776774745,965900811,robot_3,-3.860,-2.534
1776774745,965928696,robot_4,1.437,-4.647
1776774745,965941462,robot_1,1.387,4.617
1776774745,965951516,robot_0,2.452,-0.039
1776774745,965961058,robot_2,-2.798,1.671
1776774746,185980686,robot_3,-3.860,-2.533
1776774746,186009013,robot_4,1.437,-4.647
1776774746,186023194,robot_1,1.387,4.616
1776774746,186034557,robot_0,2.452,-0.038
1776774746,186044754,robot_2,-2.797,1.671
1776774746,405638687,robot_3,-3.860,-2.533
1776774746,405659000,robot_4,1.437,-4.647
1776774746,405668019,robot_1,1.387,4.616
1776774746,405675641,robot_0,2.452,-0.038
1776774746,405683203,robot_2,-2.797,1.671
1776774746,606178116,robot_3,-3.861,-2.533
1776774746,606196416,robot_4,1.437,-4.647
1776774746,606203185,robot_1,1.388,4.616
1776774746,606208867,robot_0,2.452,-0.037
1776774746,606214355,robot_2,-2.797,1.671
1776774746,824707987,robot_3,-3.861,-2.533
1776774746,824724922,robot_4,1.438,-4.646
1776774746,824731340,robot_1,1.388,4.616
1776774746,824736122,robot_0,2.452,-0.037
1776774746,824741544,robot_2,-2.796,1.671
1776774747,25936412,robot_3,-3.861,-2.533
1776774747,25957282,robot_4,1.438,-4.646
1776774747,25966048,robot_1,1.388,4.616
1776774747,25973884,robot_0,2.452,-0.037
1776774747,25980923,robot_2,-2.796,1.671
1776774747,245337910,robot_3,-3.862,-2.533
1776774747,245353357,robot_4,1.438,-4.646
1776774747,245359716,robot_1,1.389,4.617
1776774747,245364494,robot_0,2.452,-0.037
1776774747,245369629,robot_2,-2.796,1.671
1776774747,466469031,robot_3,-3.862,-2.533
1776774747,466508777,robot_4,1.438,-4.646
1776774747,466530715,robot_1,1.389,4.617
1776774747,466557285,robot_0,2.452,-0.037
1776774747,466574339,robot_2,-2.795,1.671
1776774747,684939039,robot_3,-3.861,-2.533
1776774747,684955391,robot_4,1.438,-4.645
1776774747,684961617,robot_1,1.389,4.617
1776774747,684966577,robot_0,2.452,-0.038
1776774747,684971596,robot_2,-2.795,1.671
1776774747,885751660,robot_3,-3.861,-2.533
1776774747,885773888,robot_4,1.438,-4.645
1776774747,885784800,robot_1,1.389,4.617
1776774747,885793900,robot_0,2.452,-0.038
1776774747,885802615,robot_2,-2.812,1.692
1776774748,106062038,robot_3,-3.861,-2.533
1776774748,106083401,robot_4,1.438,-4.645
1776774748,106090970,robot_1,1.389,4.617
1776774748,106096662,robot_0,2.452,-0.038
1776774748,106102208,robot_2,-2.840,1.727
1776774748,325411832,robot_3,-3.860,-2.533
1776774748,325429269,robot_4,1.438,-4.644
1776774748,325436465,robot_1,1.389,4.617
1776774748,325441803,robot_0,2.452,-0.039
1776774748,325447930,robot_2,-2.867,1.761
1776774748,525599442,robot_3,-3.860,-2.534
1776774748,525629277,robot_4,1.438,-4.644
1776774748,525643671,robot_1,1.389,4.617
1776774748,525655085,robot_0,2.452,-0.039
1776774748,525667206,robot_2,-2.887,1.786
1776774748,744428901,robot_3,-3.860,-2.534
1776774748,744445145,robot_4,1.437,-4.644
1776774748,744452092,robot_1,1.389,4.617
1776774748,744457481,robot_0,2.453,-0.039
1776774748,744462559,robot_2,-2.910,1.819
1776774748,945949887,robot_3,-3.860,-2.534
1776774748,945978372,robot_4,1.437,-4.644
1776774748,945989767,robot_1,1.389,4.617
1776774748,945999333,robot_0,2.453,-0.039
1776774748,946009105,robot_2,-2.932,1.851
1776774749,166307469,robot_3,-3.859,-2.535
1776774749,166326479,robot_4,1.437,-4.644
1776774749,166333304,robot_1,1.388,4.617
1776774749,166339251,robot_0,2.453,-0.039
1776774749,166344336,robot_2,-2.934,1.853
1776774749,385582102,robot_3,-3.859,-2.535
1776774749,385608858,robot_4,1.437,-4.644
1776774749,385621423,robot_1,1.388,4.617
1776774749,385630817,robot_0,2.454,-0.039
1776774749,385641355,robot_2,-2.934,1.853
1776774749,604712851,robot_3,-3.859,-2.535
1776774749,604734109,robot_4,1.436,-4.643
1776774749,604741090,robot_1,1.387,4.617
1776774749,604746998,robot_0,2.454,-0.039
1776774749,604752294,robot_2,-2.934,1.853
1776774749,806474762,robot_3,-3.859,-2.535
1776774749,806490726,robot_4,1.436,-4.643
1776774749,806497359,robot_1,1.387,4.617
1776774749,806502779,robot_0,2.454,-0.039
1776774749,806508205,robot_2,-2.934,1.853
1776774750,25879635,robot_3,-3.859,-2.535
1776774750,25900209,robot_4,1.436,-4.643
1776774750,25909084,robot_1,1.387,4.617
1776774750,25917173,robot_0,2.455,-0.039
1776774750,25924529,robot_2,-2.935,1.853
1776774750,245122020,robot_3,-3.860,-2.535
1776774750,245138372,robot_4,1.436,-4.643
1776774750,245145545,robot_1,1.387,4.617
1776774750,245151260,robot_0,2.455,-0.038
1776774750,245156973,robot_2,-2.935,1.853
1776774750,445586467,robot_3,-3.860,-2.534
1776774750,445613029,robot_4,1.436,-4.643
1776774750,445625309,robot_1,1.387,4.617
1776774750,445634734,robot_0,2.455,-0.038
1776774750,445644400,robot_2,-2.935,1.853
1776774750,665909824,robot_3,-3.860,-2.534
1776774750,665932627,robot_4,1.436,-4.644
1776774750,665943322,robot_1,1.387,4.617
1776774750,665951550,robot_0,2.455,-0.038
1776774750,665959414,robot_2,-2.936,1.853
1776774750,866479345,robot_3,-3.860,-2.534
1776774750,866509502,robot_4,1.436,-4.644
1776774750,866524038,robot_1,1.387,4.617
1776774750,866535783,robot_0,2.455,-0.038
1776774750,866554216,robot_2,-2.936,1.853
1776774751,87845877,robot_3,-3.861,-2.534
1776774751,87871163,robot_4,1.437,-4.644
1776774751,87880283,robot_1,1.387,4.617
1776774751,87887605,robot_0,2.455,-0.038
1776774751,87894426,robot_2,-2.936,1.854
1776774751,306470529,robot_3,-3.861,-2.534
1776774751,306493934,robot_4,1.437,-4.644
1776774751,306505816,robot_1,1.388,4.617
1776774751,306515691,robot_0,2.455,-0.038
1776774751,306524480,robot_2,-2.936,1.854
1776774751,525500548,robot_3,-3.861,-2.534
1776774751,525524155,robot_4,1.437,-4.644
1776774751,525534734,robot_1,1.388,4.617
1776774751,525545938,robot_0,2.454,-0.039
1776774751,525554228,robot_2,-2.905,1.873
1776774751,726380119,robot_3,-3.862,-2.534
1776774751,726404360,robot_4,1.438,-4.645
1776774751,726415178,robot_1,1.388,4.617
1776774751,726424888,robot_0,2.454,-0.039
1776774751,726433356,robot_2,-2.871,1.894
1776774751,945313007,robot_3,-3.862,-2.534
1776774751,945332136,robot_4,1.438,-4.645
1776774751,945341231,robot_1,1.388,4.617
1776774751,945346144,robot_0,2.454,-0.039
1776774751,945350945,robot_2,-2.833,1.918
1776774752,165670656,robot_3,-3.862,-2.535
1776774752,165695095,robot_4,1.438,-4.645
1776774752,165706922,robot_1,1.389,4.618
1776774752,165716939,robot_0,2.453,-0.039
1776774752,165726099,robot_2,-2.796,1.941
1776774752,386066675,robot_3,-3.862,-2.535
1776774752,386093102,robot_4,1.438,-4.646
1776774752,386100988,robot_1,1.389,4.618
1776774752,386107207,robot_0,2.453,-0.039
1776774752,386113867,robot_2,-2.759,1.964
1776774752,605653983,robot_3,-3.862,-2.535
1776774752,605673847,robot_4,1.438,-4.646
1776774752,605681334,robot_1,1.389,4.618
1776774752,605687313,robot_0,2.453,-0.039
1776774752,605692981,robot_2,-2.721,1.987
1776774752,824170964,robot_3,-3.862,-2.535
1776774752,824189301,robot_4,1.438,-4.646
1776774752,824196369,robot_1,1.389,4.619
1776774752,824201807,robot_0,2.452,-0.038
1776774752,824206910,robot_2,-2.684,2.010
1776774753,25506893,robot_3,-3.863,-2.536
1776774753,25527641,robot_4,1.438,-4.646
1776774753,25539541,robot_1,1.389,4.619
1776774753,25547552,robot_0,2.461,-0.024
1776774753,25554505,robot_2,-2.650,2.031
1776774753,244620161,robot_3,-3.862,-2.536
1776774753,244636323,robot_4,1.438,-4.645
1776774753,244643827,robot_1,1.389,4.619
1776774753,244649565,robot_0,2.483,0.014
1776774753,244655190,robot_2,-2.599,2.063
1776774753,445193897,robot_3,-3.862,-2.536
1776774753,445214818,robot_4,1.438,-4.645
1776774753,445223681,robot_1,1.389,4.620
1776774753,445231161,robot_0,2.503,0.049
1776774753,445237799,robot_2,-2.543,2.098
1776774753,665416302,robot_3,-3.862,-2.536
1776774753,665447690,robot_4,1.437,-4.645
1776774753,665462479,robot_1,1.388,4.620
1776774753,665474137,robot_0,2.525,0.087
1776774753,665485631,robot_2,-2.505,2.121
1776774753,866381133,robot_3,-3.862,-2.536
1776774753,866407569,robot_4,1.437,-4.645
1776774753,866421030,robot_1,1.388,4.620
1776774753,866431493,robot_0,2.542,0.118
1776774753,866441023,robot_2,-2.491,2.130
1776774754,86416606,robot_3,-3.862,-2.536
1776774754,86437882,robot_4,1.437,-4.644
1776774754,86445302,robot_1,1.388,4.620
1776774754,86450713,robot_0,2.542,0.118
1776774754,86456223,robot_2,-2.491,2.130
1776774754,305328536,robot_3,-3.862,-2.537
1776774754,305353813,robot_4,1.436,-4.644
1776774754,305366466,robot_1,1.373,4.600
1776774754,305376857,robot_0,2.542,0.118
1776774754,305386377,robot_2,-2.491,2.131
1776774754,524130574,robot_3,-3.862,-2.537
1776774754,524146211,robot_4,1.436,-4.644
1776774754,524152747,robot_1,1.347,4.565
1776774754,524158002,robot_0,2.542,0.118
1776774754,524162919,robot_2,-2.491,2.131
1776774754,725449182,robot_3,-3.862,-2.537
1776774754,725472175,robot_4,1.436,-4.644
1776774754,725481359,robot_1,1.323,4.533
1776774754,725488587,robot_0,2.541,0.119
1776774754,725495863,robot_2,-2.491,2.132
1776774754,945812232,robot_3,-3.861,-2.537
1776774754,945832669,robot_4,1.436,-4.644
1776774754,945842098,robot_1,1.307,4.511
1776774754,945849882,robot_0,2.541,0.119
1776774754,945856852,robot_2,-2.491,2.132
1776774755,165334369,robot_3,-3.861,-2.537
1776774755,165352699,robot_4,1.435,-4.645
1776774755,165359715,robot_1,1.289,4.484
1776774755,165366389,robot_0,2.541,0.119
1776774755,165372110,robot_2,-2.490,2.132
1776774755,385590634,robot_3,-3.861,-2.537
1776774755,385615976,robot_4,1.435,-4.645
1776774755,385628633,robot_1,1.264,4.448
1776774755,385638427,robot_0,2.541,0.120
1776774755,385648587,robot_2,-2.490,2.133
1776774755,604435211,robot_3,-3.860,-2.537
1776774755,604453996,robot_4,1.435,-4.645
1776774755,604462082,robot_1,1.239,4.411
1776774755,604467480,robot_0,2.542,0.120
1776774755,604473036,robot_2,-2.490,2.133
1776774755,805459549,robot_3,-3.860,-2.537
1776774755,805478977,robot_4,1.435,-4.645
1776774755,805487365,robot_1,1.217,4.378
1776774755,805494035,robot_0,2.542,0.121
1776774755,805500569,robot_2,-2.490,2.133
1776774756,5791854,robot_3,-3.860,-2.537
1776774756,5807765,robot_4,1.435,-4.646
1776774756,5814380,robot_1,1.194,4.345
1776774756,5819757,robot_0,2.542,0.121
1776774756,5825225,robot_2,-2.489,2.133
1776774756,224284714,robot_3,-3.860,-2.537
1776774756,224300545,robot_4,1.434,-4.646
1776774756,224307126,robot_1,1.170,4.309
1776774756,224312092,robot_0,2.542,0.121
1776774756,224316987,robot_2,-2.490,2.133
1776774756,424369622,robot_3,-3.859,-2.537
1776774756,424385714,robot_4,1.434,-4.646
1776774756,424392931,robot_1,1.147,4.276
1776774756,424398190,robot_0,2.542,0.121
1776774756,424403437,robot_2,-2.490,2.133
1776774756,624744131,robot_3,-3.859,-2.536
1776774756,624765841,robot_4,1.434,-4.646
1776774756,624774069,robot_1,1.122,4.239
1776774756,624780075,robot_0,2.542,0.120
1776774756,624786176,robot_2,-2.490,2.132
1776774756,825325657,robot_3,-3.859,-2.536
1776774756,825351082,robot_4,1.435,-4.646
1776774756,825363179,robot_1,1.093,4.195
1776774756,825372409,robot_0,2.542,0.120
1776774756,825381813,robot_2,-2.490,2.132
1776774757,25533103,robot_3,-3.859,-2.536
1776774757,25563557,robot_4,1.435,-4.645
1776774757,25576903,robot_1,1.069,4.161
1776774757,25587177,robot_0,2.542,0.120
1776774757,25598121,robot_2,-2.490,2.132
1776774757,244805852,robot_3,-3.859,-2.535
1776774757,244822026,robot_4,1.435,-4.645
1776774757,244828590,robot_1,1.045,4.124
1776774757,244834225,robot_0,2.542,0.120
1776774757,244839724,robot_2,-2.490,2.132
1776774757,445113030,robot_3,-3.872,-2.537
1776774757,445133483,robot_4,1.435,-4.645
1776774757,445142516,robot_1,1.022,4.091
1776774757,445149828,robot_0,2.542,0.119
1776774757,445156913,robot_2,-2.490,2.131
1776774757,645198623,robot_3,-3.912,-2.542
1776774757,645221651,robot_4,1.436,-4.645
1776774757,645230702,robot_1,1.000,4.058
1776774757,645247817,robot_0,2.542,0.119
1776774757,645254652,robot_2,-2.490,2.131
1776774757,865136174,robot_3,-3.955,-2.548
1776774757,865151958,robot_4,1.436,-4.645
1776774757,865158849,robot_1,0.975,4.022
1776774757,865164472,robot_0,2.542,0.119
1776774757,865169751,robot_2,-2.490,2.131
1776774758,67487431,robot_3,-4.009,-2.555
1776774758,67523569,robot_4,1.436,-4.645
1776774758,67533075,robot_1,0.953,3.989
1776774758,67545924,robot_0,2.542,0.119
1776774758,67555109,robot_2,-2.490,2.130
1776774758,285410949,robot_3,-4.083,-2.564
1776774758,285448898,robot_4,1.437,-4.645
1776774758,285464724,robot_1,0.928,3.952
1776774758,285477663,robot_0,2.543,0.118
1776774758,285489976,robot_2,-2.489,2.130
1776774758,505834794,robot_3,-4.128,-2.568
1776774758,505854084,robot_4,1.437,-4.645
1776774758,505863995,robot_1,0.908,3.923
1776774758,505872099,robot_0,2.543,0.118
1776774758,505879877,robot_2,-2.489,2.130
1776774758,725433876,robot_3,-4.158,-2.570
1776774758,725452983,robot_4,1.437,-4.645
1776774758,725461786,robot_1,0.888,3.893
1776774758,725468985,robot_0,2.543,0.118
1776774758,725475735,robot_2,-2.489,2.130
1776774758,944612883,robot_3,-4.192,-2.575
1776774758,944632164,robot_4,1.437,-4.645
1776774758,944640722,robot_1,0.863,3.857
1776774758,944648866,robot_0,2.544,0.118
1776774758,944656539,robot_2,-2.488,2.130
1776774759,144886386,robot_3,-4.231,-2.581
1776774759,144906264,robot_4,1.437,-4.645
1776774759,144912968,robot_1,0.824,3.799
1776774759,144918306,robot_0,2.544,0.118
1776774759,144923425,robot_2,-2.488,2.130
1776774759,345161989,robot_3,-4.271,-2.587
1776774759,345179815,robot_4,1.436,-4.645
1776774759,345188143,robot_1,0.788,3.746
1776774759,345195300,robot_0,2.544,0.119
1776774759,345201685,robot_2,-2.488,2.130
1776774759,545594141,robot_3,-4.310,-2.593
1776774759,545622473,robot_4,1.436,-4.645
1776774759,545635670,robot_1,0.765,3.713
1776774759,545648325,robot_0,2.545,0.119
1776774759,545659038,robot_2,-2.488,2.130
1776774759,745603500,robot_3,-4.350,-2.599
1776774759,745625190,robot_4,1.436,-4.645
1776774759,745636135,robot_1,0.751,3.691
1776774759,745644687,robot_0,2.545,0.119
1776774759,745653400,robot_2,-2.488,2.130
1776774759,946383392,robot_3,-4.389,-2.605
1776774759,946407938,robot_4,1.436,-4.645
1776774759,946418581,robot_1,0.733,3.664
1776774759,946428394,robot_0,2.545,0.119
1776774759,946436357,robot_2,-2.488,2.130
1776774760,166278463,robot_3,-4.433,-2.612
1776774760,166307447,robot_4,1.435,-4.646
1776774760,166320915,robot_1,0.709,3.628
1776774760,166332210,robot_0,2.545,0.119
1776774760,166342958,robot_2,-2.488,2.130
1776774760,385929511,robot_3,-4.476,-2.618
1776774760,385948283,robot_4,1.435,-4.646
1776774760,385957477,robot_1,0.688,3.595
1776774760,385964895,robot_0,2.545,0.119
1776774760,385971705,robot_2,-2.488,2.130
1776774760,606636300,robot_3,-4.520,-2.625
1776774760,606680305,robot_4,1.435,-4.646
1776774760,606695566,robot_1,0.664,3.560
1776774760,606708582,robot_0,2.544,0.119
1776774760,606720318,robot_2,-2.489,2.130
1776774760,825787806,robot_3,-4.563,-2.632
1776774760,825817363,robot_4,1.435,-4.647
1776774760,825831804,robot_1,0.640,3.523
1776774760,825844136,robot_0,2.544,0.119
1776774760,825856294,robot_2,-2.489,2.130
1776774761,25823008,robot_3,-4.603,-2.638
1776774761,25839043,robot_4,1.435,-4.647
1776774761,25845589,robot_1,0.618,3.490
1776774761,25851240,robot_0,2.543,0.119
1776774761,25856524,robot_2,-2.489,2.131
1776774761,245148617,robot_3,-4.646,-2.644
1776774761,245173211,robot_4,1.435,-4.647
1776774761,245184103,robot_1,0.594,3.453
1776774761,245194431,robot_0,2.543,0.119
1776774761,245202845,robot_2,-2.490,2.131
1776774761,466780382,robot_3,-4.653,-2.645
1776774761,466797672,robot_4,1.436,-4.647
1776774761,466805687,robot_1,0.575,3.424
1776774761,466811971,robot_0,2.543,0.119
1776774761,466817970,robot_2,-2.490,2.131
1776774761,684989358,robot_3,-4.653,-2.645
1776774761,685005193,robot_4,1.436,-4.648
1776774761,685011958,robot_1,0.560,3.401
1776774761,685017941,robot_0,2.542,0.119
1776774761,685023832,robot_2,-2.490,2.132
1776774761,904203498,robot_3,-4.653,-2.645
1776774761,904218298,robot_4,1.436,-4.648
1776774761,904224777,robot_1,0.536,3.365
1776774761,904230668,robot_0,2.542,0.119
1776774761,904235907,robot_2,-2.490,2.132
1776774762,105889874,robot_3,-4.653,-2.646
1776774762,105911834,robot_4,1.436,-4.648
1776774762,105921466,robot_1,0.506,3.318
1776774762,105929662,robot_0,2.542,0.119
1776774762,105937293,robot_2,-2.490,2.132
1776774762,325972189,robot_3,-4.653,-2.646
1776774762,325996575,robot_4,1.437,-4.648
1776774762,326007736,robot_1,0.472,3.267
1776774762,326017352,robot_0,2.542,0.119
1776774762,326026150,robot_2,-2.490,2.132
1776774762,545200698,robot_3,-4.654,-2.646
1776774762,545224055,robot_4,1.437,-4.648
1776774762,545234732,robot_1,0.448,3.230
1776774762,545243992,robot_0,2.542,0.119
1776774762,545253443,robot_2,-2.490,2.131
1776774762,765816241,robot_3,-4.654,-2.647
1776774762,765833332,robot_4,1.437,-4.648
1776774762,765840804,robot_1,0.424,3.193
1776774762,765846660,robot_0,2.542,0.119
1776774762,765851967,robot_2,-2.489,2.131
1776774762,966517020,robot_3,-4.654,-2.647
1776774762,966549140,robot_4,1.437,-4.648
1776774762,966562975,robot_1,0.402,3.159
1776774762,966573085,robot_0,2.542,0.119
1776774762,966581838,robot_2,-2.489,2.131
1776774763,185389281,robot_3,-4.654,-2.647
1776774763,185416397,robot_4,1.437,-4.648
1776774763,185427933,robot_1,0.376,3.121
1776774763,185437758,robot_0,2.543,0.119
1776774763,185446773,robot_2,-2.489,2.131
1776774763,385781095,robot_3,-4.655,-2.647
1776774763,385799656,robot_4,1.437,-4.648
1776774763,385808420,robot_1,0.341,3.065
1776774763,385815360,robot_0,2.543,0.119
1776774763,385822013,robot_2,-2.489,2.131
1776774763,605459357,robot_3,-4.655,-2.647
1776774763,605476130,robot_4,1.438,-4.648
1776774763,605482752,robot_1,0.313,3.019
1776774763,605488056,robot_0,2.543,0.119
1776774763,605493198,robot_2,-2.488,2.131
1776774763,824338956,robot_3,-4.655,-2.647
1776774763,824354208,robot_4,1.438,-4.648
1776774763,824361014,robot_1,0.286,2.974
1776774763,824366099,robot_0,2.544,0.119
1776774763,824370649,robot_2,-2.488,2.131
1776774764,25301444,robot_3,-4.655,-2.647
1776774764,25316772,robot_4,1.438,-4.647
1776774764,25323218,robot_1,0.252,2.917
1776774764,25328163,robot_0,2.544,0.119
1776774764,25332846,robot_2,-2.488,2.131
1776774764,244712550,robot_3,-4.655,-2.647
1776774764,244728002,robot_4,1.438,-4.647
1776774764,244734832,robot_1,0.227,2.874
1776774764,244740110,robot_0,2.544,0.120
1776774764,244745246,robot_2,-2.487,2.131
1776774764,465409036,robot_3,-4.655,-2.647
1776774764,465437182,robot_4,1.439,-4.647
1776774764,465451169,robot_1,0.200,2.828
1776774764,465464341,robot_0,2.544,0.120
1776774764,465476725,robot_2,-2.487,2.132
1776774764,685413453,robot_3,-4.654,-2.647
1776774764,685434933,robot_4,1.439,-4.647
1776774764,685444639,robot_1,0.168,2.774
1776774764,685452242,robot_0,2.545,0.120
1776774764,685459532,robot_2,-2.487,2.132
1776774764,905342486,robot_3,-4.654,-2.647
1776774764,905370792,robot_4,1.439,-4.647
1776774764,905386486,robot_1,0.146,2.736
1776774764,905400038,robot_0,2.545,0.121
1776774764,905411852,robot_2,-2.487,2.132
1776774765,125678180,robot_3,-4.654,-2.646
1776774765,125701966,robot_4,1.439,-4.646
1776774765,125710524,robot_1,0.123,2.699
1776774765,125717394,robot_0,2.545,0.121
1776774765,125723456,robot_2,-2.487,2.132
1776774765,344508957,robot_3,-4.654,-2.646
1776774765,344523014,robot_4,1.439,-4.646
1776774765,344529088,robot_1,0.101,2.661
1776774765,344534723,robot_0,2.544,0.121
1776774765,344544553,robot_2,-2.487,2.133
1776774765,545343168,robot_3,-4.654,-2.646
1776774765,545361597,robot_4,1.438,-4.646
1776774765,545372505,robot_1,0.081,2.626
1776774765,545381622,robot_0,2.544,0.122
1776774765,545388787,robot_2,-2.487,2.133
1776774765,764980064,robot_3,-4.654,-2.645
1776774765,764995334,robot_4,1.438,-4.645
1776774765,765001444,robot_1,0.044,2.564
1776774765,765006963,robot_0,2.544,0.122
1776774765,765011726,robot_2,-2.487,2.133
1776774765,966444491,robot_3,-4.654,-2.645
1776774765,966471891,robot_4,1.438,-4.645
1776774765,966486764,robot_1,0.015,2.516
1776774765,966500055,robot_0,2.544,0.122
1776774765,966512376,robot_2,-2.487,2.133
1776774766,185279931,robot_3,-4.654,-2.645
1776774766,185305981,robot_4,1.438,-4.645
1776774766,185318129,robot_1,-0.008,2.476
1776774766,185343083,robot_0,2.544,0.122
1776774766,185353557,robot_2,-2.487,2.133
1776774766,385554121,robot_3,-4.654,-2.644
1776774766,385574754,robot_4,1.437,-4.645
1776774766,385584552,robot_1,-0.039,2.424
1776774766,385592642,robot_0,2.544,0.122
1776774766,385600295,robot_2,-2.487,2.133
1776774766,588265086,robot_3,-4.655,-2.644
1776774766,588294164,robot_4,1.437,-4.645
1776774766,588304854,robot_1,-0.064,2.382
1776774766,588313314,robot_0,2.544,0.122
1776774766,588321526,robot_2,-2.487,2.134
1776774766,805493206,robot_3,-4.655,-2.644
1776774766,805521694,robot_4,1.437,-4.645
1776774766,805536600,robot_1,-0.086,2.344
1776774766,805553342,robot_0,2.544,0.121
1776774766,805564506,robot_2,-2.488,2.134
1776774767,5933792,robot_3,-4.655,-2.644
1776774767,5961007,robot_4,1.437,-4.645
1776774767,5973204,robot_1,-0.106,2.310
1776774767,5982382,robot_0,2.544,0.121
1776774767,5990152,robot_2,-2.488,2.134
1776774767,225925862,robot_3,-4.656,-2.644
1776774767,225956916,robot_4,1.436,-4.645
1776774767,225972449,robot_1,-0.129,2.272
1776774767,225984963,robot_0,2.544,0.121
1776774767,225996914,robot_2,-2.488,2.134
1776774767,445498195,robot_3,-4.656,-2.644
1776774767,445515443,robot_4,1.436,-4.645
1776774767,445522670,robot_1,-0.157,2.224
1776774767,445528989,robot_0,2.544,0.120
1776774767,445534873,robot_2,-2.488,2.134
1776774767,665194635,robot_3,-4.656,-2.644
1776774767,665213343,robot_4,1.436,-4.645
1776774767,665219856,robot_1,-0.197,2.157
1776774767,665225260,robot_0,2.544,0.120
1776774767,665231321,robot_2,-2.489,2.134
1776774767,865477774,robot_3,-4.656,-2.644
1776774767,865501311,robot_4,1.436,-4.646
1776774767,865512072,robot_1,-0.218,2.121
1776774767,865520080,robot_0,2.544,0.120
1776774767,865527475,robot_2,-2.489,2.134
1776774768,65880766,robot_3,-4.655,-2.644
1776774768,65910649,robot_4,1.435,-4.646
1776774768,65925329,robot_1,-0.243,2.080
1776774768,65937466,robot_0,2.543,0.119
1776774768,65949821,robot_2,-2.489,2.134
1776774768,286522042,robot_3,-4.655,-2.644
1776774768,286562833,robot_4,1.435,-4.646
1776774768,286577476,robot_1,-0.271,2.031
1776774768,286589389,robot_0,2.538,0.126
1776774768,286600456,robot_2,-2.490,2.134
1776774768,504602248,robot_3,-4.655,-2.645
1776774768,504617731,robot_4,1.435,-4.646
1776774768,504624306,robot_1,-0.294,1.993
1776774768,504637267,robot_0,2.501,0.171
1776774768,504642345,robot_2,-2.490,2.134
1776774768,706307514,robot_3,-4.654,-2.645
1776774768,706330629,robot_4,1.435,-4.646
1776774768,706341110,robot_1,-0.307,1.971
1776774768,706348831,robot_0,2.476,0.203
1776774768,706356335,robot_2,-2.490,2.133
1776774768,926260872,robot_3,-4.654,-2.645
1776774768,926279724,robot_4,1.436,-4.646
1776774768,926288098,robot_1,-0.322,1.946
1776774768,926295427,robot_0,2.459,0.224
1776774768,926302128,robot_2,-2.490,2.133
1776774769,145380546,robot_3,-4.654,-2.646
1776774769,145401215,robot_4,1.436,-4.645
1776774769,145409225,robot_1,-0.344,1.908
1776774769,145415386,robot_0,2.459,0.224
1776774769,145422372,robot_2,-2.490,2.133
1776774769,365116315,robot_3,-4.654,-2.646
1776774769,365137560,robot_4,1.436,-4.645
1776774769,365146352,robot_1,-0.367,1.870
1776774769,365155153,robot_0,2.459,0.225
1776774769,365162660,robot_2,-2.490,2.132
1776774769,584927276,robot_3,-4.654,-2.646
1776774769,584948754,robot_4,1.437,-4.645
1776774769,584955100,robot_1,-0.389,1.832
1776774769,584960497,robot_0,2.459,0.225
1776774769,584965141,robot_2,-2.490,2.132
1776774769,785438457,robot_3,-4.654,-2.646
1776774769,785454190,robot_4,1.437,-4.645
1776774769,785461301,robot_1,-0.411,1.796
1776774769,785467254,robot_0,2.459,0.225
1776774769,785472151,robot_2,-2.483,2.133
1776774770,5629709,robot_3,-4.654,-2.646
1776774770,5646363,robot_4,1.437,-4.645
1776774770,5653622,robot_1,-0.448,1.733
1776774770,5659737,robot_0,2.459,0.226
1776774770,5664834,robot_2,-2.446,2.141
1776774770,225816022,robot_3,-4.654,-2.646
1776774770,225835966,robot_4,1.438,-4.645
1776774770,225844044,robot_1,-0.474,1.688
1776774770,225850639,robot_0,2.459,0.226
1776774770,225856350,robot_2,-2.403,2.150
1776774770,426183376,robot_3,-4.654,-2.646
1776774770,426205834,robot_4,1.438,-4.645
1776774770,426212748,robot_1,-0.499,1.647
1776774770,426218532,robot_0,2.459,0.226
1776774770,426223807,robot_2,-2.370,2.157
1776774770,645023240,robot_3,-4.655,-2.645
1776774770,645039538,robot_4,1.438,-4.645
1776774770,645046219,robot_1,-0.535,1.585
1776774770,645052418,robot_0,2.459,0.226
1776774770,645057702,robot_2,-2.339,2.163
1776774770,845767490,robot_3,-4.655,-2.645
1776774770,845786228,robot_4,1.438,-4.645
1776774770,845794487,robot_1,-0.557,1.548
1776774770,845801486,robot_0,2.459,0.227
1776774770,845807947,robot_2,-2.299,2.170
1776774771,46187485,robot_3,-4.655,-2.645
1776774771,46207011,robot_4,1.438,-4.645
1776774771,46216335,robot_1,-0.578,1.512
1776774771,46224053,robot_0,2.459,0.227
1776774771,46230772,robot_2,-2.252,2.178
1776774771,266458300,robot_3,-4.655,-2.645
1776774771,266487883,robot_4,1.437,-4.645
1776774771,266503869,robot_1,-0.602,1.472
1776774771,266517955,robot_0,2.459,0.227
1776774771,266530892,robot_2,-2.198,2.187
1776774771,484145003,robot_3,-4.656,-2.645
1776774771,484160840,robot_4,1.437,-4.645
1776774771,484166884,robot_1,-0.624,1.434
1776774771,484172391,robot_0,2.459,0.227
1776774771,484177399,robot_2,-2.195,2.188
1776774771,684873416,robot_3,-4.656,-2.645
1776774771,684889668,robot_4,1.437,-4.645
1776774771,684896575,robot_1,-0.648,1.395
1776774771,684902283,robot_0,2.459,0.227
1776774771,684907517,robot_2,-2.195,2.188
1776774771,885510457,robot_3,-4.656,-2.645
1776774771,885528521,robot_4,1.437,-4.646
1776774771,885536335,robot_1,-0.673,1.355
1776774771,885546428,robot_0,2.458,0.227
1776774771,885553203,robot_2,-2.195,2.188
1776774772,88114356,robot_3,-4.656,-2.645
1776774772,88137283,robot_4,1.436,-4.646
1776774772,88145676,robot_1,-0.696,1.322
1776774772,88152399,robot_0,2.458,0.227
1776774772,88158924,robot_2,-2.195,2.189
1776774772,304559882,robot_3,-4.657,-2.645
1776774772,304575669,robot_4,1.436,-4.646
1776774772,304581875,robot_1,-0.723,1.281
1776774772,304587370,robot_0,2.458,0.227
1776774772,304593043,robot_2,-2.195,2.189
1776774772,505250210,robot_3,-4.657,-2.645
1776774772,505264907,robot_4,1.436,-4.646
1776774772,505271322,robot_1,-0.747,1.244
1776774772,505276646,robot_0,2.457,0.227
1776774772,505281854,robot_2,-2.194,2.189
1776774772,705603273,robot_3,-4.657,-2.645
1776774772,705621475,robot_4,1.436,-4.647
1776774772,705629178,robot_1,-0.768,1.210
1776774772,705635963,robot_0,2.457,0.227
1776774772,705642004,robot_2,-2.194,2.190
1776774772,924895426,robot_3,-4.657,-2.646
1776774772,924910871,robot_4,1.436,-4.647
1776774772,924917181,robot_1,-0.791,1.172
1776774772,924922486,robot_0,2.457,0.227
1776774772,924927534,robot_2,-2.194,2.190
1776774773,125776853,robot_3,-4.658,-2.646
1776774773,125796253,robot_4,1.436,-4.647
1776774773,125803368,robot_1,-0.812,1.138
1776774773,125808991,robot_0,2.457,0.227
1776774773,125813593,robot_2,-2.193,2.190
1776774773,344320487,robot_3,-4.658,-2.646
1776774773,344336998,robot_4,1.436,-4.648
1776774773,344348452,robot_1,-0.835,1.100
1776774773,344353895,robot_0,2.456,0.226
1776774773,344359278,robot_2,-2.193,2.190
1776774773,544829879,robot_3,-4.658,-2.647
1776774773,544847130,robot_4,1.436,-4.648
1776774773,544855016,robot_1,-0.847,1.081
1776774773,544861777,robot_0,2.456,0.226
1776774773,544868040,robot_2,-2.193,2.190
1776774773,745497357,robot_3,-4.658,-2.647
1776774773,745517601,robot_4,1.436,-4.648
1776774773,745527323,robot_1,-0.864,1.057
1776774773,745534628,robot_0,2.456,0.226
1776774773,745544390,robot_2,-2.193,2.190
1776774773,966055886,robot_3,-4.658,-2.646
1776774773,966076368,robot_4,1.437,-4.648
1776774773,966086021,robot_1,-0.890,1.021
1776774773,966094370,robot_0,2.456,0.225
1776774773,966101301,robot_2,-2.193,2.190
1776774774,166243200,robot_3,-4.657,-2.646
1776774774,166268137,robot_4,1.437,-4.649
1776774774,166278385,robot_1,-0.917,0.983
1776774774,166286911,robot_0,2.456,0.225
1776774774,166294679,robot_2,-2.193,2.190
1776774774,386430871,robot_3,-4.657,-2.646
1776774774,386449968,robot_4,1.437,-4.648
1776774774,386457781,robot_1,-0.943,0.944
1776774774,386465185,robot_0,2.456,0.225
1776774774,386471207,robot_2,-2.194,2.190
1776774774,606568899,robot_3,-4.657,-2.646
1776774774,606586612,robot_4,1.459,-4.612
1776774774,606593066,robot_1,-0.966,0.906
1776774774,606598272,robot_0,2.456,0.225
1776774774,606603424,robot_2,-2.194,2.189
1776774774,825235780,robot_3,-4.657,-2.645
1776774774,825252010,robot_4,1.483,-4.573
1776774774,825258633,robot_1,-0.989,0.869
1776774774,825264302,robot_0,2.457,0.224
1776774774,825269507,robot_2,-2.194,2.189
1776774775,44489645,robot_3,-4.656,-2.645
1776774775,44505500,robot_4,1.505,-4.535
1776774775,44511593,robot_1,-1.012,0.831
1776774775,44516907,robot_0,2.457,0.224
1776774775,44521724,robot_2,-2.194,2.189
1776774775,244602915,robot_3,-4.656,-2.645
1776774775,244619140,robot_4,1.526,-4.501
1776774775,244626279,robot_1,-1.033,0.797
1776774775,244633064,robot_0,2.457,0.224
1776774775,244639435,robot_2,-2.194,2.188
1776774775,444668580,robot_3,-4.655,-2.645
1776774775,444686152,robot_4,1.547,-4.467
1776774775,444693093,robot_1,-1.054,0.763
1776774775,444698191,robot_0,2.456,0.225
1776774775,444703106,robot_2,-2.194,2.188
1776774775,645136755,robot_3,-4.655,-2.645
1776774775,645157555,robot_4,1.571,-4.427
1776774775,645165902,robot_1,-1.075,0.729
1776774775,645173109,robot_0,2.456,0.225
1776774775,645179566,robot_2,-2.194,2.188
1776774775,845398426,robot_3,-4.655,-2.645
1776774775,845421317,robot_4,1.606,-4.370
1776774775,845433061,robot_1,-1.101,0.687
1776774775,845442153,robot_0,2.456,0.225
1776774775,845451860,robot_2,-2.194,2.188
1776774776,45491463,robot_3,-4.655,-2.645
1776774776,45514799,robot_4,1.632,-4.330
1776774776,45527880,robot_1,-1.136,0.634
1776774776,45536709,robot_0,2.456,0.226
1776774776,45559637,robot_2,-2.194,2.187
1776774776,264188153,robot_3,-4.655,-2.645
1776774776,264205579,robot_4,1.661,-4.285
1776774776,264212873,robot_1,-1.163,0.596
1776774776,264218039,robot_0,2.457,0.226
1776774776,264223485,robot_2,-2.194,2.187
1776774776,464959724,robot_3,-4.656,-2.645
1776774776,464980033,robot_4,1.699,-4.228
1776774776,464987092,robot_1,-1.187,0.564
1776774776,464992854,robot_0,2.457,0.226
1776774776,464998530,robot_2,-2.193,2.187
1776774776,665903943,robot_3,-4.656,-2.645
1776774776,665931403,robot_4,1.725,-4.191
1776774776,665947249,robot_1,-1.210,0.531
1776774776,665959745,robot_0,2.457,0.227
1776774776,665972567,robot_2,-2.193,2.187
1776774776,886307966,robot_3,-4.656,-2.645
1776774776,886338428,robot_4,1.751,-4.155
1776774776,886349506,robot_1,-1.236,0.496
1776774776,886358408,robot_0,2.457,0.227
1776774776,886366841,robot_2,-2.193,2.187
1776774777,104593419,robot_3,-4.656,-2.646
1776774777,104611902,robot_4,1.777,-4.119
1776774777,104618658,robot_1,-1.262,0.461
1776774777,104624317,robot_0,2.458,0.227
1776774777,104629619,robot_2,-2.192,2.187
1776774777,305968037,robot_3,-4.657,-2.646
1776774777,305990644,robot_4,1.800,-4.087
1776774777,306001993,robot_1,-1.286,0.428
1776774777,306011326,robot_0,2.458,0.227
1776774777,306019564,robot_2,-2.192,2.187
1776774777,526498399,robot_3,-4.657,-2.646
1776774777,526515185,robot_4,1.826,-4.051
1776774777,526522820,robot_1,-1.312,0.393
1776774777,526530069,robot_0,2.457,0.227
1776774777,526536095,robot_2,-2.192,2.187
1776774777,744399785,robot_3,-4.657,-2.647
1776774777,744415741,robot_4,1.852,-4.015
1776774777,744422602,robot_1,-1.344,0.349
1776774777,744428410,robot_0,2.457,0.227
1776774777,744434033,robot_2,-2.192,2.187
1776774777,965529583,robot_3,-4.657,-2.647
1776774777,965564170,robot_4,1.877,-3.980
1776774777,965578742,robot_1,-1.373,0.309
1776774777,965589972,robot_0,2.457,0.226
1776774777,965600709,robot_2,-2.192,2.187
1776774778,166076637,robot_3,-4.657,-2.647
1776774778,166106794,robot_4,1.899,-3.950
1776774778,166121297,robot_1,-1.397,0.277
1776774778,166133342,robot_0,2.457,0.226
1776774778,166145335,robot_2,-2.193,2.187
1776774778,366657534,robot_3,-4.657,-2.647
1776774778,366683894,robot_4,1.921,-3.919
1776774778,366697266,robot_1,-1.421,0.245
1776774778,366710176,robot_0,2.457,0.226
1776774778,366720229,robot_2,-2.193,2.187
1776774778,585474360,robot_3,-4.657,-2.648
1776774778,585502174,robot_4,1.947,-3.883
1776774778,585516751,robot_1,-1.447,0.209
1776774778,585527652,robot_0,2.457,0.226
1776774778,585542199,robot_2,-2.193,2.187
1776774778,786528817,robot_3,-4.656,-2.648
1776774778,786552759,robot_4,1.954,-3.851
1776774778,786561837,robot_1,-1.470,0.177
1776774778,786569676,robot_0,2.457,0.225
1776774778,786576507,robot_2,-2.194,2.187
1776774779,4477834,robot_3,-4.656,-2.648
1776774779,4495025,robot_4,1.954,-3.850
1776774779,4502898,robot_1,-1.496,0.142
1776774779,4509514,robot_0,2.457,0.225
1776774779,4515226,robot_2,-2.194,2.188
1776774779,225444454,robot_3,-4.656,-2.648
1776774779,225477102,robot_4,1.943,-3.861
1776774779,225492145,robot_1,-1.522,0.106
1776774779,225505728,robot_0,2.457,0.225
1776774779,225517816,robot_2,-2.194,2.188
1776774779,445468883,robot_3,-4.655,-2.648
1776774779,445500395,robot_4,1.932,-3.877
1776774779,445519978,robot_1,-1.548,0.071
1776774779,445541681,robot_0,2.458,0.224
1776774779,445559782,robot_2,-2.194,2.189
1776774779,645851279,robot_3,-4.655,-2.649
1776774779,645870338,robot_4,1.924,-3.893
1776774779,645876819,robot_1,-1.572,0.038
1776774779,645882002,robot_0,2.458,0.224
1776774779,645887504,robot_2,-2.194,2.189
1776774779,865032473,robot_3,-4.646,-2.610
1776774779,865049589,robot_4,1.920,-3.911
1776774779,865056169,robot_1,-1.598,0.003
1776774779,865061906,robot_0,2.458,0.224
1776774779,865067202,robot_2,-2.194,2.189
1776774780,66845920,robot_3,-4.636,-2.569
1776774780,66885886,robot_4,1.923,-3.932
1776774780,66907254,robot_1,-1.626,-0.035
1776774780,66925395,robot_0,2.458,0.224
1776774780,66942044,robot_2,-2.194,2.189
1776774780,285747542,robot_3,-4.626,-2.529
1776774780,285765373,robot_4,1.927,-3.941
1776774780,285772172,robot_1,-1.660,-0.078
1776774780,285777960,robot_0,2.459,0.224
1776774780,285783529,robot_2,-2.194,2.188
1776774780,485933385,robot_3,-4.621,-2.508
1776774780,485963657,robot_4,1.928,-3.941
1776774780,485977943,robot_1,-1.686,-0.108
1776774780,485989661,robot_0,2.459,0.224
1776774780,486000270,robot_2,-2.194,2.188
1776774780,686322327,robot_3,-4.613,-2.476
1776774780,686344913,robot_4,1.930,-3.941
1776774780,686352750,robot_1,-1.713,-0.138
1776774780,686360276,robot_0,2.459,0.224
1776774780,686366912,robot_2,-2.193,2.188
1776774780,905704438,robot_3,-4.601,-2.430
1776774780,905725277,robot_4,1.931,-3.941
1776774780,905734764,robot_1,-1.742,-0.171
1776774780,905743189,robot_0,2.460,0.224
1776774780,905750514,robot_2,-2.193,2.188
1776774781,127233763,robot_3,-4.588,-2.377
1776774781,127252029,robot_4,1.931,-3.940
1776774781,127258893,robot_1,-1.771,-0.204
1776774781,127264798,robot_0,2.460,0.224
1776774781,127269855,robot_2,-2.193,2.188
1776774781,344864537,robot_3,-4.577,-2.333
1776774781,344879957,robot_4,1.930,-3.940
1776774781,344886485,robot_1,-1.800,-0.237
1776774781,344892379,robot_0,2.459,0.224
1776774781,344897384,robot_2,-2.193,2.187
1776774781,566130168,robot_3,-4.567,-2.290
1776774781,566150395,robot_4,1.930,-3.941
1776774781,566158491,robot_1,-1.829,-0.270
1776774781,566165249,robot_0,2.459,0.224
1776774781,566171657,robot_2,-2.192,2.187
1776774781,784645255,robot_3,-4.556,-2.247
1776774781,784659595,robot_4,1.930,-3.944
1776774781,784666438,robot_1,-1.858,-0.303
1776774781,784671789,robot_0,2.459,0.224
1776774781,784677103,robot_2,-2.192,2.187
1776774782,4406876,robot_3,-4.546,-2.205
1776774782,4421394,robot_4,1.930,-3.945
1776774782,4427799,robot_1,-1.888,-0.336
1776774782,4432950,robot_0,2.458,0.224
1776774782,4437811,robot_2,-2.192,2.188
1776774782,205576936,robot_3,-4.533,-2.154
1776774782,205598275,robot_4,1.930,-3.945
1776774782,205607724,robot_1,-1.914,-0.366
1776774782,205615416,robot_0,2.458,0.225
1776774782,205622688,robot_2,-2.191,2.188
1776774782,405697969,robot_3,-4.521,-2.104
1776774782,405716164,robot_4,1.931,-3.946
1776774782,405724564,robot_1,-1.941,-0.396
1776774782,405731226,robot_0,2.458,0.225
1776774782,405738327,robot_2,-2.191,2.188
1776774782,624912347,robot_3,-4.510,-2.061
1776774782,624935884,robot_4,1.931,-3.946
1776774782,624945815,robot_1,-1.970,-0.429
1776774782,624956247,robot_0,2.457,0.225
1776774782,624965076,robot_2,-2.191,2.188
1776774782,844277673,robot_3,-4.494,-1.993
1776774782,844302288,robot_4,1.931,-3.946
1776774782,844308522,robot_1,-1.999,-0.462
1776774782,844314265,robot_0,2.457,0.225
1776774782,844319463,robot_2,-2.191,2.188
1776774783,64411609,robot_3,-4.478,-1.931
1776774783,64432279,robot_4,1.932,-3.947
1776774783,64439130,robot_1,-2.029,-0.496
1776774783,64452183,robot_0,2.457,0.226
1776774783,64457473,robot_2,-2.191,2.189
1776774783,266036828,robot_3,-4.469,-1.892
1776774783,266057480,robot_4,1.932,-3.947
1776774783,266068097,robot_1,-2.056,-0.527
1776774783,266076009,robot_0,2.457,0.226
1776774783,266083149,robot_2,-2.191,2.189
1776774783,485525208,robot_3,-4.458,-1.850
1776774783,485545556,robot_4,1.933,-3.947
1776774783,485552738,robot_1,-2.085,-0.560
1776774783,485559023,robot_0,2.457,0.226
1776774783,485565291,robot_2,-2.191,2.189
1776774783,685641159,robot_3,-4.449,-1.811
1776774783,685669095,robot_4,1.933,-3.947
1776774783,685682407,robot_1,-2.108,-0.586
1776774783,685693170,robot_0,2.457,0.226
1776774783,685703201,robot_2,-2.191,2.189
1776774783,904119289,robot_3,-4.438,-1.768
1776774783,904135334,robot_4,1.934,-3.946
1776774783,904141654,robot_1,-2.133,-0.614
1776774783,904146809,robot_0,2.457,0.225
1776774783,904151858,robot_2,-2.191,2.189
1776774784,105126030,robot_3,-4.429,-1.729
1776774784,105146111,robot_4,1.934,-3.946
1776774784,105154681,robot_1,-2.160,-0.644
1776774784,105162484,robot_0,2.458,0.225
1776774784,105168962,robot_2,-2.191,2.189
1776774784,305771358,robot_3,-4.419,-1.691
1776774784,305789426,robot_4,1.934,-3.946
1776774784,305798187,robot_1,-2.186,-0.674
1776774784,305804506,robot_0,2.458,0.225
1776774784,305810897,robot_2,-2.191,2.188
1776774784,506918403,robot_3,-4.409,-1.652
1776774784,506945811,robot_4,1.935,-3.946
1776774784,506962178,robot_1,-2.213,-0.704
1776774784,506976021,robot_0,2.458,0.225
1776774784,506989202,robot_2,-2.191,2.188
1776774784,724620645,robot_3,-4.399,-1.609
1776774784,724636645,robot_4,1.935,-3.945
1776774784,724642976,robot_1,-2.242,-0.737
1776774784,724648616,robot_0,2.459,0.225
1776774784,724658232,robot_2,-2.191,2.188
1776774784,926526518,robot_3,-4.389,-1.570
1776774784,926550693,robot_4,1.935,-3.945
1776774784,926558852,robot_1,-2.273,-0.772
1776774784,926565568,robot_0,2.459,0.225
1776774784,926571846,robot_2,-2.192,2.188
1776774785,126746284,robot_3,-4.380,-1.531
1776774785,126766224,robot_4,1.935,-3.946
1776774785,126772904,robot_1,-2.302,-0.806
1776774785,126778695,robot_0,2.459,0.225
1776774785,126783705,robot_2,-2.192,2.188
1776774785,346650122,robot_3,-4.369,-1.489
1776774785,346673531,robot_4,1.934,-3.946
1776774785,346685011,robot_1,-2.332,-0.839
1776774785,346695070,robot_0,2.459,0.225
1776774785,346704746,robot_2,-2.193,2.188
1776774785,566296484,robot_3,-4.359,-1.446
1776774785,566334597,robot_4,1.934,-3.946
1776774785,566350822,robot_1,-2.361,-0.872
1776774785,566363362,robot_0,2.460,0.225
1776774785,566375610,robot_2,-2.193,2.188
1776774785,786028985,robot_3,-4.345,-1.392
1776774785,786048741,robot_4,1.933,-3.946
1776774785,786057994,robot_1,-2.390,-0.905
1776774785,786065581,robot_0,2.460,0.226
1776774785,786072177,robot_2,-2.192,2.195
1776774786,5317244,robot_3,-4.331,-1.333
1776774786,5332878,robot_4,1.933,-3.946
1776774786,5339334,robot_1,-2.422,-0.941
1776774786,5344594,robot_0,2.460,0.226
1776774786,5349866,robot_2,-2.186,2.230
1776774786,225559196,robot_3,-4.320,-1.290
1776774786,225577518,robot_4,1.932,-3.946
1776774786,225584841,robot_1,-2.470,-0.995
1776774786,225591478,robot_0,2.460,0.226
1776774786,225597219,robot_2,-2.180,2.273
1776774786,426768917,robot_3,-4.307,-1.234
1776774786,426794286,robot_4,1.932,-3.946
1776774786,426806576,robot_1,-2.500,-1.029
1776774786,426817601,robot_0,2.460,0.227
1776774786,426827367,robot_2,-2.181,2.287
1776774786,644817208,robot_3,-4.295,-1.176
1776774786,644842004,robot_4,1.931,-3.946
1776774786,644851022,robot_1,-2.529,-1.062
1776774786,644859080,robot_0,2.460,0.227
1776774786,644867263,robot_2,-2.181,2.287
1776774786,845935844,robot_3,-4.288,-1.137
1776774786,845962112,robot_4,1.931,-3.946
1776774786,845970663,robot_1,-2.556,-1.093
1776774786,845977196,robot_0,2.460,0.227
1776774786,845983868,robot_2,-2.185,2.287
1776774787,65754496,robot_3,-4.276,-1.077
1776774787,65793647,robot_4,1.931,-3.946
1776774787,65814669,robot_1,-2.585,-1.126
1776774787,65831918,robot_0,2.460,0.227
1776774787,65848932,robot_2,-2.193,2.281
1776774787,286033226,robot_3,-4.264,-1.027
1776774787,286054352,robot_4,1.931,-3.946
1776774787,286065698,robot_1,-2.619,-1.164
1776774787,286072799,robot_0,2.421,0.214
1776774787,286082055,robot_2,-2.203,2.271
1776774787,505597770,robot_3,-4.254,-0.988
1776774787,505631915,robot_4,1.932,-3.946
1776774787,505641857,robot_1,-2.654,-1.203
1776774787,505650816,robot_0,2.353,0.192
1776774787,505659277,robot_2,-2.217,2.262
1776774787,706337917,robot_3,-4.247,-0.963
1776774787,706363077,robot_4,1.932,-3.946
1776774787,706373403,robot_1,-2.680,-1.233
1776774787,706381765,robot_0,2.315,0.179
1776774787,706390249,robot_2,-2.234,2.252
1776774787,906670308,robot_3,-4.238,-0.928
1776774787,906698649,robot_4,1.932,-3.946
1776774787,906713677,robot_1,-2.720,-1.279
1776774787,906725553,robot_0,2.277,0.167
1776774787,906736199,robot_2,-2.250,2.243
1776774788,126068658,robot_3,-4.227,-0.885
1776774788,126088590,robot_4,1.933,-3.946
1776774788,126095595,robot_1,-2.766,-1.333
1776774788,126101189,robot_0,2.236,0.153
1776774788,126106982,robot_2,-2.266,2.232
1776774788,345600565,robot_3,-4.216,-0.842
1776774788,345616446,robot_4,1.933,-3.946
1776774788,345622687,robot_1,-2.793,-1.367
1776774788,345628128,robot_0,2.194,0.139
1776774788,345633779,robot_2,-2.267,2.230
1776774788,565709299,robot_3,-4.204,-0.800
1776774788,565729704,robot_4,1.934,-3.945
1776774788,565737388,robot_1,-2.821,-1.401
1776774788,565744265,robot_0,2.152,0.125
1776774788,565750349,robot_2,-2.267,2.230
1776774788,766353702,robot_3,-4.194,-0.761
1776774788,766373969,robot_4,1.934,-3.945
1776774788,766382571,robot_1,-2.847,-1.432
1776774788,766389053,robot_0,2.114,0.112
1776774788,766395399,robot_2,-2.267,2.230
1776774788,986559763,robot_3,-4.183,-0.719
1776774788,986587090,robot_4,1.934,-3.945
1776774788,986600049,robot_1,-2.874,-1.466
1776774788,986610294,robot_0,2.073,0.098
1776774788,986619946,robot_2,-2.269,2.230
1776774789,205479917,robot_3,-4.172,-0.676
1776774789,205498410,robot_4,1.934,-3.944
1776774789,205506736,robot_1,-2.902,-1.500
1776774789,205513386,robot_0,2.031,0.085
1776774789,205519257,robot_2,-2.271,2.230
1776774789,424732632,robot_3,-4.161,-0.634
1776774789,424749875,robot_4,1.934,-3.946
1776774789,424756603,robot_1,-2.930,-1.534
1776774789,424762538,robot_0,1.989,0.071
1776774789,424767769,robot_2,-2.273,2.231
1776774789,625332812,robot_3,-4.150,-0.595
1776774789,625357822,robot_4,1.935,-3.948
1776774789,625366045,robot_1,-2.953,-1.562
1776774789,625372971,robot_0,1.951,0.058
1776774789,625379406,robot_2,-2.275,2.233
1776774789,825694698,robot_3,-4.140,-0.556
1776774789,825716945,robot_4,1.935,-3.948
1776774789,825726553,robot_1,-2.971,-1.585
1776774789,825734590,robot_0,1.913,0.045
1776774789,825742224,robot_2,-2.276,2.234
1776774790,45421066,robot_3,-4.129,-0.514
1776774790,45447906,robot_4,1.935,-3.947
1776774790,45460165,robot_1,-2.995,-1.620
1776774790,45469228,robot_0,1.871,0.032
1776774790,45478004,robot_2,-2.277,2.236
1776774790,245939376,robot_3,-4.119,-0.475
1776774790,245970309,robot_4,1.935,-3.947
1776774790,245985391,robot_1,-3.018,-1.653
1776774790,246012138,robot_0,1.815,0.013
1776774790,246024621,robot_2,-2.277,2.237
1776774790,466529016,robot_3,-4.107,-0.432
1776774790,466556607,robot_4,1.935,-3.946
1776774790,466567058,robot_1,-3.042,-1.690
1776774790,466574968,robot_0,1.741,-0.012
1776774790,466582961,robot_2,-2.277,2.239
1776774790,686500398,robot_3,-4.096,-0.390
1776774790,686527501,robot_4,1.935,-3.946
1776774790,686544740,robot_1,-3.067,-1.726
1776774790,686555019,robot_0,1.699,-0.026
1776774790,686563619,robot_2,-2.277,2.240
1776774790,905120675,robot_3,-4.085,-0.347
1776774790,905150309,robot_4,1.921,-3.964
1776774790,905165145,robot_1,-3.087,-1.756
1776774790,905176185,robot_0,1.657,-0.040
1776774790,905188070,robot_2,-2.277,2.240
1776774791,124885245,robot_3,-4.074,-0.305
1776774791,124904289,robot_4,1.874,-4.026
1776774791,124910910,robot_1,-3.108,-1.787
1776774791,124916037,robot_0,1.615,-0.054
1776774791,124920927,robot_2,-2.277,2.240
1776774791,325269875,robot_3,-4.064,-0.266
1776774791,325286428,robot_4,1.849,-4.058
1776774791,325292893,robot_1,-3.130,-1.820
1776774791,325298575,robot_0,1.577,-0.067
1776774791,325304491,robot_2,-2.277,2.240
1776774791,525576766,robot_3,-4.053,-0.227
1776774791,525595653,robot_4,1.824,-4.089
1776774791,525602633,robot_1,-3.152,-1.853
1776774791,525608218,robot_0,1.529,-0.082
1776774791,525613549,robot_2,-2.277,2.240
1776774791,725914382,robot_3,-4.043,-0.188
1776774791,725932954,robot_4,1.800,-4.121
1776774791,725941539,robot_1,-3.174,-1.886
1776774791,725948035,robot_0,1.487,-0.096
1776774791,725953997,robot_2,-2.278,2.239
1776774791,945583142,robot_3,-4.031,-0.143
1776774791,945598646,robot_4,1.773,-4.156
1776774791,945605323,robot_1,-3.199,-1.923
1776774791,945610322,robot_0,1.445,-0.110
1776774791,945615249,robot_2,-2.278,2.239
1776774792,146061217,robot_3,-4.021,-0.104
1776774792,146108899,robot_4,1.748,-4.187
1776774792,146132674,robot_1,-3.221,-1.956
1776774792,146152419,robot_0,1.407,-0.123
1776774792,146172271,robot_2,-2.278,2.239
1776774792,365536428,robot_3,-4.007,-0.053
1776774792,365559950,robot_4,1.721,-4.222
1776774792,365568008,robot_1,-3.246,-1.993
1776774792,365575466,robot_0,1.365,-0.137
1776774792,365582345,robot_2,-2.279,2.238
1776774792,566090120,robot_3,-3.993,0.003
1776774792,566138535,robot_4,1.696,-4.253
1776774792,566151629,robot_1,-3.268,-2.027
1776774792,566163172,robot_0,1.323,-0.151
1776774792,566174635,robot_2,-2.279,2.238
1776774792,766114224,robot_3,-3.982,0.042
1776774792,766132727,robot_4,1.671,-4.285
1776774792,766139275,robot_1,-3.299,-2.072
1776774792,766144397,robot_0,1.263,-0.171
1776774792,766149617,robot_2,-2.279,2.237
1776774792,985888935,robot_3,-3.966,0.103
1776774792,985907958,robot_4,1.644,-4.319
1776774792,985915488,robot_1,-3.327,-2.114
1776774792,985921094,robot_0,1.215,-0.187
1776774792,985926738,robot_2,-2.279,2.237
1776774793,205343412,robot_3,-3.947,0.177
1776774793,205365263,robot_4,1.616,-4.355
1776774793,205375883,robot_1,-3.354,-2.155
1776774793,205384101,robot_0,1.173,-0.201
1776774793,205392313,robot_2,-2.279,2.237
1776774793,405378383,robot_3,-3.933,0.211
1776774793,405398563,robot_4,1.581,-4.401
1776774793,405408488,robot_1,-3.388,-2.206
1776774793,405416748,robot_0,1.134,-0.214
1776774793,405424728,robot_2,-2.278,2.236
1776774793,625209161,robot_3,-3.908,0.225
1776774793,625231354,robot_4,1.552,-4.443
1776774793,625240445,robot_1,-3.416,-2.248
1776774793,625247981,robot_0,1.093,-0.228
1776774793,625255114,robot_2,-2.278,2.236
1776774793,844101256,robot_3,-3.909,0.224
1776774793,844117138,robot_4,1.530,-4.473
1776774793,844124078,robot_1,-3.440,-2.284
1776774793,844129352,robot_0,1.051,-0.241
1776774793,844134362,robot_2,-2.278,2.236
1776774794,45020627,robot_3,-3.911,0.211
1776774794,45037655,robot_4,1.530,-4.473
1776774794,45044217,robot_1,-3.462,-2.317
1776774794,45049476,robot_0,1.013,-0.254
1776774794,45054528,robot_2,-2.277,2.235
1776774794,264853613,robot_3,-3.912,0.190
1776774794,264888122,robot_4,1.530,-4.473
1776774794,264900083,robot_1,-3.487,-2.354
1776774794,264910547,robot_0,0.971,-0.268
1776774794,264936335,robot_2,-2.277,2.235
1776774794,465635818,robot_3,-3.912,0.171
1776774794,465666477,robot_4,1.531,-4.473
1776774794,465679938,robot_1,-3.504,-2.380
1776774794,465692264,robot_0,0.933,-0.281
1776774794,465703635,robot_2,-2.276,2.235
1776774794,684300015,robot_3,-3.904,0.152
1776774794,684317638,robot_4,1.531,-4.474
1776774794,684324400,robot_1,-3.520,-2.403
1776774794,684330484,robot_0,0.892,-0.297
1776774794,684335897,robot_2,-2.276,2.235
1776774794,884784450,robot_3,-3.890,0.137
1776774794,884814138,robot_4,1.531,-4.474
1776774794,884828994,robot_1,-3.543,-2.436
1776774794,884841261,robot_0,0.855,-0.313
1776774794,884852311,robot_2,-2.276,2.235
1776774795,85503900,robot_3,-3.881,0.132
1776774795,85523944,robot_4,1.531,-4.475
1776774795,85530404,robot_1,-3.567,-2.468
1776774795,85535602,robot_0,0.818,-0.329
1776774795,85543423,robot_2,-2.277,2.235
1776774795,286218198,robot_3,-3.877,0.135
1776774795,286239863,robot_4,1.531,-4.475
1776774795,286249143,robot_1,-3.590,-2.501
1776774795,286256328,robot_0,0.782,-0.345
1776774795,286263804,robot_2,-2.277,2.235
1776774795,505998684,robot_3,-3.874,0.137
1776774795,506016863,robot_4,1.531,-4.476
1776774795,506023893,robot_1,-3.616,-2.536
1776774795,506030060,robot_0,0.741,-0.362
1776774795,506035614,robot_2,-2.278,2.236
1776774795,724143763,robot_3,-3.871,0.138
1776774795,724162403,robot_4,1.531,-4.476
1776774795,724169100,robot_1,-3.641,-2.572
1776774795,724174468,robot_0,0.678,-0.390
1776774795,724180167,robot_2,-2.278,2.236
1776774795,924647874,robot_3,-3.871,0.138
1776774795,924665179,robot_4,1.531,-4.477
1776774795,924671643,robot_1,-3.665,-2.605
1776774795,924676471,robot_0,0.631,-0.411
1776774795,924681910,robot_2,-2.278,2.237
1776774796,127213321,robot_3,-3.872,0.138
1776774796,127235177,robot_4,1.531,-4.477
1776774796,127244154,robot_1,-3.688,-2.637
1776774796,127250545,robot_0,0.593,-0.427
1776774796,127257330,robot_2,-2.278,2.237
1776774796,344351229,robot_3,-3.875,0.137
1776774796,344367775,robot_4,1.525,-4.473
1776774796,344374510,robot_1,-3.695,-2.646
1776774796,344380875,robot_0,0.523,-0.458
1776774796,344386369,robot_2,-2.278,2.238
1776774796,564812705,robot_3,-3.878,0.135
1776774796,564836485,robot_4,1.469,-4.430
1776774796,564848515,robot_1,-3.694,-2.646
1776774796,564857647,robot_0,0.469,-0.483
1776774796,564866579,robot_2,-2.278,2.238
1776774796,765927938,robot_3,-3.879,0.131
1776774796,765955230,robot_4,1.434,-4.402
1776774796,765968357,robot_1,-3.694,-2.647
1776774796,765977754,robot_0,0.432,-0.500
1776774796,765988036,robot_2,-2.278,2.238
1776774796,984610447,robot_3,-3.881,0.128
1776774796,984626059,robot_4,1.393,-4.371
1776774796,984632323,robot_1,-3.694,-2.647
1776774796,984637594,robot_0,0.392,-0.519
1776774796,984642731,robot_2,-2.278,2.238
1776774797,185384023,robot_3,-3.882,0.126
1776774797,185400524,robot_4,1.350,-4.338
1776774797,185407499,robot_1,-3.694,-2.647
1776774797,185412822,robot_0,0.356,-0.536
1776774797,185418047,robot_2,-2.278,2.238
1776774797,386001860,robot_3,-3.882,0.124
1776774797,386027108,robot_4,1.318,-4.313
1776774797,386039091,robot_1,-3.694,-2.648
1776774797,386048723,robot_0,0.320,-0.553
1776774797,386058454,robot_2,-2.278,2.238
1776774797,605167579,robot_3,-3.882,0.121
1776774797,605184318,robot_4,1.280,-4.284
1776774797,605191639,robot_1,-3.694,-2.648
1776774797,605197382,robot_0,0.280,-0.572
1776774797,605203006,robot_2,-2.278,2.238
1776774797,805351114,robot_3,-3.882,0.120
1776774797,805372055,robot_4,1.245,-4.255
1776774797,805381723,robot_1,-3.694,-2.648
1776774797,805389399,robot_0,0.244,-0.589
1776774797,805397452,robot_2,-2.278,2.237
1776774798,24839387,robot_3,-3.881,0.119
1776774798,24854990,robot_4,1.211,-4.227
1776774798,24861109,robot_1,-3.694,-2.649
1776774798,24866796,robot_0,0.204,-0.607
1776774798,24872089,robot_2,-2.278,2.237
1776774798,226066321,robot_3,-3.881,0.118
1776774798,226089767,robot_4,1.180,-4.202
1776774798,226100503,robot_1,-3.695,-2.649
1776774798,226109854,robot_0,0.168,-0.624
1776774798,226119419,robot_2,-2.278,2.236
1776774798,445665509,robot_3,-3.880,0.119
1776774798,445686936,robot_4,1.147,-4.173
1776774798,445696341,robot_1,-3.695,-2.649
1776774798,445704372,robot_0,0.128,-0.643
1776774798,445711896,robot_2,-2.277,2.236
1776774798,665116412,robot_3,-3.880,0.119
1776774798,665138624,robot_4,1.113,-4.145
1776774798,665148436,robot_1,-3.695,-2.649
1776774798,665156340,robot_0,0.095,-0.659
1776774798,665164204,robot_2,-2.277,2.236
1776774798,866084990,robot_3,-3.880,0.119
1776774798,866103914,robot_4,1.073,-4.112
1776774798,866113110,robot_1,-3.695,-2.649
1776774798,866120412,robot_0,0.065,-0.673
1776774798,866127947,robot_2,-2.276,2.236
1776774799,84844053,robot_3,-3.879,0.120
1776774799,84865277,robot_4,1.033,-4.080
1776774799,84871947,robot_1,-3.694,-2.649
1776774799,84877318,robot_0,0.025,-0.692
1776774799,84882136,robot_2,-2.276,2.236
1776774799,285530248,robot_3,-3.879,0.120
1776774799,285553267,robot_4,1.001,-4.055
1776774799,285562572,robot_1,-3.694,-2.648
1776774799,285569685,robot_0,-0.011,-0.709
1776774799,285576739,robot_2,-2.275,2.236
1776774799,505417568,robot_3,-3.879,0.121
1776774799,505442832,robot_4,0.940,-4.008
1776774799,505467517,robot_1,-3.694,-2.648
1776774799,505477694,robot_0,-0.051,-0.727
1776774799,505486587,robot_2,-2.275,2.236
1776774799,706114450,robot_3,-3.879,0.121
1776774799,706132291,robot_4,0.895,-3.974
1776774799,706139784,robot_1,-3.694,-2.648
1776774799,706145790,robot_0,-0.087,-0.744
1776774799,706151620,robot_2,-2.275,2.236
1776774799,926174140,robot_3,-3.879,0.121
1776774799,926196880,robot_4,0.860,-3.947
1776774799,926208116,robot_1,-3.695,-2.647
1776774799,926216899,robot_0,-0.132,-0.765
1776774799,926225929,robot_2,-2.274,2.237
1776774800,145780741,robot_3,-3.879,0.120
1776774800,145800624,robot_4,0.825,-3.920
1776774800,145809604,robot_1,-3.695,-2.647
1776774800,145816329,robot_0,-0.173,-0.785
1776774800,145823266,robot_2,-2.274,2.237
1776774800,364785896,robot_3,-3.880,0.120
1776774800,364801399,robot_4,0.790,-3.893
1776774800,364808163,robot_1,-3.695,-2.647
1776774800,364813647,robot_0,-0.213,-0.805
1776774800,364819542,robot_2,-2.274,2.238
1776774800,565143395,robot_3,-3.880,0.119
1776774800,565164339,robot_4,0.762,-3.871
1776774800,565174477,robot_1,-3.695,-2.647
1776774800,565182652,robot_0,-0.249,-0.822
1776774800,565191065,robot_2,-2.274,2.238
1776774800,786128828,robot_3,-3.880,0.119
1776774800,786150472,robot_4,0.736,-3.851
1776774800,786159443,robot_1,-3.695,-2.647
1776774800,786166929,robot_0,-0.288,-0.842
1776774800,786173373,robot_2,-2.274,2.238
1776774801,5936863,robot_3,-3.881,0.119
1776774801,5963135,robot_4,0.701,-3.824
1776774801,5974878,robot_1,-3.696,-2.647
1776774801,5983956,robot_0,-0.337,-0.865
1776774801,5993304,robot_2,-2.274,2.238
1776774801,225444986,robot_3,-3.881,0.118
1776774801,225465950,robot_4,0.670,-3.801
1776774801,225475080,robot_1,-3.696,-2.646
1776774801,225482422,robot_0,-0.399,-0.896
1776774801,225489886,robot_2,-2.274,2.237
1776774801,425610220,robot_3,-3.882,0.118
1776774801,425630792,robot_4,0.643,-3.780
1776774801,425638922,robot_1,-3.696,-2.647
1776774801,425645426,robot_0,-0.436,-0.914
1776774801,425651479,robot_2,-2.274,2.237
1776774801,627320070,robot_3,-3.882,0.118
1776774801,627350371,robot_4,0.612,-3.755
1776774801,627363483,robot_1,-3.697,-2.647
1776774801,627373659,robot_0,-0.472,-0.931
1776774801,627383682,robot_2,-2.275,2.237
1776774801,844288070,robot_3,-3.882,0.118
1776774801,844303216,robot_4,0.577,-3.728
1776774801,844310218,robot_1,-3.697,-2.647
1776774801,844315224,robot_0,-0.512,-0.950
1776774801,844320401,robot_2,-2.275,2.236
1776774802,45431038,robot_3,-3.882,0.118
1776774802,45457307,robot_4,0.545,-3.704
1776774802,45467390,robot_1,-3.697,-2.647
1776774802,45476027,robot_0,-0.547,-0.968
1776774802,45485008,robot_2,-2.276,2.236
1776774802,265749699,robot_3,-3.882,0.118
1776774802,265779659,robot_4,0.510,-3.677
1776774802,265794511,robot_1,-3.697,-2.647
1776774802,265805576,robot_0,-0.595,-0.991
1776774802,265816876,robot_2,-2.276,2.236
1776774802,466544212,robot_3,-3.882,0.118
1776774802,466564613,robot_4,0.479,-3.653
1776774802,466574078,robot_1,-3.697,-2.647
1776774802,466581755,robot_0,-0.638,-1.014
1776774802,466599431,robot_2,-2.277,2.236
1776774802,684100704,robot_3,-3.881,0.119
1776774802,684119162,robot_4,0.444,-3.626
1776774802,684125820,robot_1,-3.697,-2.647
1776774802,684130883,robot_0,-0.676,-1.036
1776774802,684136536,robot_2,-2.277,2.236
1776774802,884981414,robot_3,-3.881,0.119
1776774802,884998314,robot_4,0.412,-3.601
1776774802,885005299,robot_1,-3.697,-2.647
1776774802,885010793,robot_0,-0.730,-1.066
1776774802,885016320,robot_2,-2.277,2.236
1776774803,85271365,robot_3,-3.881,0.119
1776774803,85291240,robot_4,0.380,-3.577
1776774803,85298650,robot_1,-3.697,-2.647
1776774803,85304217,robot_0,-0.783,-1.096
1776774803,85310079,robot_2,-2.277,2.236
1776774803,286032156,robot_3,-3.880,0.120
1776774803,286050447,robot_4,0.349,-3.552
1776774803,286057731,robot_1,-3.696,-2.647
1776774803,286063622,robot_0,-0.817,-1.116
1776774803,286069534,robot_2,-2.277,2.236
1776774803,504307710,robot_3,-3.880,0.120
1776774803,504323443,robot_4,0.315,-3.526
1776774803,504330152,robot_1,-3.696,-2.647
1776774803,504335306,robot_0,-0.856,-1.137
1776774803,504340801,robot_2,-2.277,2.236
1776774803,705800899,robot_3,-3.880,0.120
1776774803,705817100,robot_4,0.296,-3.512
1776774803,705823915,robot_1,-3.696,-2.647
1776774803,705829076,robot_0,-0.891,-1.157
1776774803,705834251,robot_2,-2.276,2.236
1776774803,905937009,robot_3,-3.880,0.121
1776774803,905956118,robot_4,0.269,-3.491
1776774803,905965500,robot_1,-3.695,-2.647
1776774803,905972835,robot_0,-0.925,-1.177
1776774803,905980707,robot_2,-2.276,2.237
1776774804,125583352,robot_3,-3.880,0.121
1776774804,125609755,robot_4,0.235,-3.465
1776774804,125619519,robot_1,-3.695,-2.647
1776774804,125628540,robot_0,-0.932,-1.181
1776774804,125636723,robot_2,-2.275,2.237
1776774804,344151537,robot_3,-3.880,0.122
1776774804,344166517,robot_4,0.200,-3.438
1776774804,344172761,robot_1,-3.695,-2.647
1776774804,344178156,robot_0,-0.932,-1.180
1776774804,344183473,robot_2,-2.275,2.237
1776774804,545042124,robot_3,-3.881,0.122
1776774804,545058621,robot_4,0.168,-3.413
1776774804,545066439,robot_1,-3.695,-2.648
1776774804,545072730,robot_0,-0.932,-1.180
1776774804,545078658,robot_2,-2.275,2.237
1776774804,765007906,robot_3,-3.881,0.122
1776774804,765024248,robot_4,0.133,-3.386
1776774804,765031373,robot_1,-3.695,-2.648
1776774804,765036251,robot_0,-0.932,-1.180
1776774804,765041552,robot_2,-2.275,2.238
1776774804,965925531,robot_3,-3.881,0.123
1776774804,965946102,robot_4,0.102,-3.362
1776774804,965955284,robot_1,-3.695,-2.647
1776774804,965962263,robot_0,-0.933,-1.180
1776774804,965969263,robot_2,-2.274,2.238
1776774805,185310009,robot_3,-3.882,0.123
1776774805,185328389,robot_4,0.067,-3.335
1776774805,185336163,robot_1,-3.695,-2.647
1776774805,185341911,robot_0,-0.933,-1.180
1776774805,185347642,robot_2,-2.274,2.239
1776774805,386199483,robot_3,-3.882,0.123
1776774805,386220467,robot_4,0.036,-3.312
1776774805,386229865,robot_1,-3.695,-2.647
1776774805,386237013,robot_0,-0.933,-1.180
1776774805,386244330,robot_2,-2.274,2.239
1776774805,605136418,robot_3,-3.883,0.123
1776774805,605157533,robot_4,0.004,-3.286
1776774805,605168395,robot_1,-3.696,-2.647
1776774805,605176106,robot_0,-0.933,-1.180
1776774805,605182087,robot_2,-2.269,2.230
1776774805,806411871,robot_3,-3.883,0.118
1776774805,806431525,robot_4,-0.028,-3.262
1776774805,806450051,robot_1,-3.696,-2.647
1776774805,806457035,robot_0,-0.934,-1.180
1776774805,806464062,robot_2,-2.269,2.230
1776774806,26529064,robot_3,-3.888,0.074
1776774806,26560415,robot_4,-0.063,-3.235
1776774806,26574124,robot_1,-3.696,-2.647
1776774806,26583863,robot_0,-0.934,-1.180
1776774806,26593949,robot_2,-2.269,2.230
1776774806,244183035,robot_3,-3.892,0.031
1776774806,244199306,robot_4,-0.092,-3.212
1776774806,244206040,robot_1,-3.697,-2.647
1776774806,244210927,robot_0,-0.934,-1.181
1776774806,244216366,robot_2,-2.269,2.230
1776774806,444906453,robot_3,-3.896,-0.008
1776774806,444938560,robot_4,-0.092,-3.212
1776774806,444947371,robot_1,-3.697,-2.648
1776774806,444954717,robot_0,-0.934,-1.181
1776774806,444961593,robot_2,-2.270,2.231
1776774806,665381347,robot_3,-3.901,-0.050
1776774806,665408529,robot_4,-0.093,-3.213
1776774806,665419838,robot_1,-3.697,-2.648
1776774806,665429356,robot_0,-0.935,-1.181
1776774806,665438233,robot_2,-2.270,2.231
1776774806,865681405,robot_3,-3.907,-0.090
1776774806,865710752,robot_4,-0.093,-3.213
1776774806,865724372,robot_1,-3.697,-2.648
1776774806,865736257,robot_0,-0.935,-1.181
1776774806,865748582,robot_2,-2.270,2.231
1776774807,65827344,robot_3,-3.911,-0.119
1776774807,65863486,robot_4,-0.094,-3.213
1776774807,65883851,robot_1,-3.697,-2.649
1776774807,65900744,robot_0,-0.935,-1.182
1776774807,65915857,robot_2,-2.270,2.231
1776774807,286741608,robot_3,-3.915,-0.144
1776774807,286768903,robot_4,-0.094,-3.213
1776774807,286782636,robot_1,-3.697,-2.649
1776774807,286794255,robot_0,-0.935,-1.182
1776774807,286805537,robot_2,-2.270,2.231
1776774807,505651287,robot_3,-3.921,-0.187
1776774807,505678771,robot_4,-0.095,-3.213
1776774807,505692731,robot_1,-3.697,-2.649
1776774807,505703416,robot_0,-0.934,-1.182
1776774807,505713221,robot_2,-2.271,2.231
1776774807,706128283,robot_3,-3.930,-0.250
1776774807,706150707,robot_4,-0.095,-3.213
1776774807,706160092,robot_1,-3.697,-2.649
1776774807,706167499,robot_0,-0.934,-1.183
1776774807,706174097,robot_2,-2.271,2.231
1776774807,926272196,robot_3,-3.941,-0.323
1776774807,926301993,robot_4,-0.096,-3.213
1776774807,926312942,robot_1,-3.697,-2.650
1776774807,926322303,robot_0,-0.934,-1.182
1776774807,926331329,robot_2,-2.272,2.231
1776774808,144609077,robot_3,-3.948,-0.367
1776774808,144627298,robot_4,-0.096,-3.213
1776774808,144633581,robot_1,-3.697,-2.650
1776774808,144639094,robot_0,-0.934,-1.182
1776774808,144644266,robot_2,-2.272,2.230
1776774808,345003088,robot_3,-3.954,-0.406
1776774808,345022051,robot_4,-0.096,-3.212
1776774808,345030673,robot_1,-3.697,-2.650
1776774808,345037960,robot_0,-0.934,-1.182
1776774808,345045524,robot_2,-2.272,2.230
1776774808,566180510,robot_3,-3.960,-0.450
1776774808,566207799,robot_4,-0.096,-3.212
1776774808,566222509,robot_1,-3.697,-2.650
1776774808,566232859,robot_0,-0.934,-1.181
1776774808,566243777,robot_2,-2.273,2.230
1776774808,785560969,robot_3,-3.966,-0.493
1776774808,785582552,robot_4,-0.096,-3.213
1776774808,785592968,robot_1,-3.697,-2.650
1776774808,785600800,robot_0,-0.934,-1.181
1776774808,785608252,robot_2,-2.273,2.229
1776774809,5373609,robot_3,-3.972,-0.535
1776774809,5388957,robot_4,-0.095,-3.213
1776774809,5395619,robot_1,-3.697,-2.650
1776774809,5401117,robot_0,-0.934,-1.181
1776774809,5406324,robot_2,-2.273,2.229
1776774809,224295333,robot_3,-3.979,-0.578
1776774809,224312349,robot_4,-0.095,-3.213
1776774809,224319570,robot_1,-3.696,-2.650
1776774809,224324979,robot_0,-0.934,-1.180
1776774809,224329924,robot_2,-2.273,2.229
1776774809,425777994,robot_3,-3.985,-0.617
1776774809,425803497,robot_4,-0.094,-3.213
1776774809,425812385,robot_1,-3.696,-2.651
1776774809,425819792,robot_0,-0.933,-1.180
1776774809,425827342,robot_2,-2.273,2.229
1776774809,644605559,robot_3,-3.991,-0.661
1776774809,644622048,robot_4,-0.094,-3.213
1776774809,644628435,robot_1,-3.696,-2.651
1776774809,644633739,robot_0,-0.933,-1.180
1776774809,644639029,robot_2,-2.273,2.228
1776774809,865622647,robot_3,-3.997,-0.704
1776774809,865647447,robot_4,-0.094,-3.213
1776774809,865659427,robot_1,-3.695,-2.651
1776774809,865669198,robot_0,-0.933,-1.180
1776774809,865678297,robot_2,-2.273,2.228
1776774810,84969219,robot_3,-4.006,-0.762
1776774810,84987834,robot_4,-0.093,-3.212
1776774810,84994377,robot_1,-3.695,-2.650
1776774810,84999962,robot_0,-0.924,-1.207
1776774810,85005375,robot_2,-2.273,2.227
1776774810,304652042,robot_3,-4.015,-0.827
1776774810,304668961,robot_4,-0.093,-3.212
1776774810,304676413,robot_1,-3.695,-2.650
1776774810,304682191,robot_0,-0.909,-1.249
1776774810,304688024,robot_2,-2.272,2.227
1776774810,505946913,robot_3,-4.021,-0.867
1776774810,505984630,robot_4,-0.093,-3.212
1776774810,506006607,robot_1,-3.694,-2.650
1776774810,506025326,robot_0,-0.897,-1.287
1776774810,506042404,robot_2,-2.272,2.227
1776774810,705957745,robot_3,-4.027,-0.906
1776774810,705978281,robot_4,-0.093,-3.211
1776774810,705987084,robot_1,-3.694,-2.650
1776774810,705994018,robot_0,-0.884,-1.325
1776774810,706000585,robot_2,-2.272,2.226
1776774810,925250432,robot_3,-4.034,-0.950
1776774810,925266122,robot_4,-0.092,-3.211
1776774810,925273137,robot_1,-3.694,-2.650
1776774810,925278152,robot_0,-0.870,-1.367
1776774810,925282606,robot_2,-2.271,2.226
1776774811,144360854,robot_3,-4.040,-0.993
1776774811,144377622,robot_4,-0.093,-3.210
1776774811,144384361,robot_1,-3.694,-2.649
1776774811,144389528,robot_0,-0.855,-1.411
1776774811,144394364,robot_2,-2.271,2.226
1776774811,344389703,robot_3,-4.046,-1.036
1776774811,344403894,robot_4,-0.093,-3.210
1776774811,344410419,robot_1,-3.694,-2.649
1776774811,344415905,robot_0,-0.832,-1.479
1776774811,344420672,robot_2,-2.271,2.226
1776774811,545799735,robot_3,-4.052,-1.077
1776774811,545827666,robot_4,-0.093,-3.209
1776774811,545843590,robot_1,-3.694,-2.649
1776774811,545855228,robot_0,-0.802,-1.497
1776774811,545866073,robot_2,-2.270,2.226
1776774811,745921213,robot_3,-4.058,-1.117
1776774811,745949880,robot_4,-0.093,-3.209
1776774811,745964123,robot_1,-3.694,-2.648
1776774811,745974798,robot_0,-0.801,-1.497
1776774811,745986259,robot_2,-2.270,2.226
1776774811,966158004,robot_3,-4.064,-1.160
1776774811,966194090,robot_4,-0.093,-3.209
1776774811,966215294,robot_1,-3.694,-2.648
1776774811,966233037,robot_0,-0.800,-1.498
1776774811,966249998,robot_2,-2.269,2.227
1776774812,184775348,robot_3,-4.071,-1.204
1776774812,184793236,robot_4,-0.093,-3.209
1776774812,184800542,robot_1,-3.694,-2.648
1776774812,184806403,robot_0,-0.800,-1.498
1776774812,184811213,robot_2,-2.269,2.227
1776774812,404280168,robot_3,-4.077,-1.243
1776774812,404296043,robot_4,-0.093,-3.209
1776774812,404303016,robot_1,-3.699,-2.651
1776774812,404308409,robot_0,-0.800,-1.498
1776774812,404313868,robot_2,-2.269,2.227
1776774812,604986772,robot_3,-4.080,-1.268
1776774812,605004759,robot_4,-0.093,-3.209
1776774812,605011409,robot_1,-3.731,-2.674
1776774812,605016732,robot_0,-0.791,-1.482
1776774812,605022188,robot_2,-2.268,2.228
1776774812,805662647,robot_3,-4.086,-1.304
1776774812,805689622,robot_4,-0.094,-3.208
1776774812,805702714,robot_1,-3.763,-2.698
1776774812,805712410,robot_0,-0.791,-1.465
1776774812,805722726,robot_2,-2.268,2.228
1776774813,6073621,robot_3,-4.091,-1.344
1776774813,6101533,robot_4,-0.094,-3.208
1776774813,6111829,robot_1,-3.797,-2.723
1776774813,6120375,robot_0,-0.796,-1.455
1776774813,6129001,robot_2,-2.269,2.227
1776774813,226454485,robot_3,-4.098,-1.387
1776774813,226475894,robot_4,-0.095,-3.208
1776774813,226484409,robot_1,-3.840,-2.753
1776774813,226491016,robot_0,-0.793,-1.453
1776774813,226497795,robot_2,-2.269,2.227
1776774813,445805476,robot_3,-4.104,-1.431
1776774813,445823897,robot_4,-0.095,-3.208
1776774813,445830715,robot_1,-3.879,-2.777
1776774813,445837107,robot_0,-0.790,-1.452
1776774813,445842577,robot_2,-2.269,2.227
1776774813,665318663,robot_3,-4.110,-1.469
1776774813,665354359,robot_4,-0.095,-3.208
1776774813,665370078,robot_1,-3.909,-2.796
1776774813,665381782,robot_0,-0.789,-1.452
1776774813,665394201,robot_2,-2.270,2.227
1776774813,884292323,robot_3,-4.116,-1.504
1776774813,884307859,robot_4,-0.096,-3.208
1776774813,884314374,robot_1,-3.939,-2.790
1776774813,884319261,robot_0,-0.790,-1.453
1776774813,884324168,robot_2,-2.270,2.226
1776774814,87758126,robot_3,-4.123,-1.543
1776774814,87778618,robot_4,-0.096,-3.209
1776774814,87785135,robot_1,-3.940,-2.788
1776774814,87790399,robot_0,-0.793,-1.454
1776774814,87795241,robot_2,-2.271,2.226
1776774814,304367171,robot_3,-4.134,-1.608
1776774814,304382369,robot_4,-0.097,-3.209
1776774814,304388545,robot_1,-3.940,-2.787
1776774814,304393766,robot_0,-0.796,-1.455
1776774814,304399336,robot_2,-2.271,2.227
1776774814,504524456,robot_3,-4.146,-1.677
1776774814,504542005,robot_4,-0.097,-3.209
1776774814,504548735,robot_1,-3.939,-2.788
1776774814,504553846,robot_0,-0.799,-1.457
1776774814,504558747,robot_2,-2.272,2.227
1776774814,706297166,robot_3,-4.153,-1.716
1776774814,706314628,robot_4,-0.097,-3.209
1776774814,706322029,robot_1,-3.939,-2.788
1776774814,706328041,robot_0,-0.801,-1.459
1776774814,706333396,robot_2,-2.272,2.227
1776774814,926565371,robot_3,-4.160,-1.760
1776774814,926591443,robot_4,-0.097,-3.209
1776774814,926603938,robot_1,-3.938,-2.789
1776774814,926613450,robot_0,-0.802,-1.462
1776774814,926622346,robot_2,-2.272,2.227
1776774815,144742591,robot_3,-4.167,-1.803
1776774815,144762027,robot_4,-0.097,-3.210
1776774815,144769117,robot_1,-3.938,-2.789
1776774815,144774704,robot_0,-0.803,-1.465
1776774815,144779814,robot_2,-2.272,2.227
1776774815,346031531,robot_3,-4.173,-1.843
1776774815,346052343,robot_4,-0.097,-3.210
1776774815,346059838,robot_1,-3.938,-2.790
1776774815,346065275,robot_0,-0.804,-1.467
1776774815,346071199,robot_2,-2.272,2.227
1776774815,565151955,robot_3,-4.182,-1.898
1776774815,565170151,robot_4,-0.097,-3.210
1776774815,565178707,robot_1,-3.939,-2.790
1776774815,565185809,robot_0,-0.804,-1.470
1776774815,565192632,robot_2,-2.271,2.227
1776774815,765365082,robot_3,-4.187,-1.943
1776774815,765380733,robot_4,-0.097,-3.211
1776774815,765387396,robot_1,-3.939,-2.790
1776774815,765392843,robot_0,-0.800,-1.457
1776774815,765398056,robot_2,-2.271,2.227
1776774815,965823116,robot_3,-4.190,-1.983
1776774815,965852559,robot_4,-0.097,-3.211
1776774815,965867285,robot_1,-3.939,-2.791
1776774815,965878405,robot_0,-0.801,-1.453
1776774815,965889600,robot_2,-2.271,2.227
1776774816,185369119,robot_3,-4.196,-2.043
1776774816,185393770,robot_4,-0.097,-3.212
1776774816,185405275,robot_1,-3.940,-2.791
1776774816,185413836,robot_0,-0.804,-1.450
1776774816,185422392,robot_2,-2.270,2.227
1776774816,387256196,robot_3,-4.200,-2.088
1776774816,387300183,robot_4,-0.097,-3.212
1776774816,387331589,robot_1,-3.940,-2.791
1776774816,387364034,robot_0,-0.807,-1.449
1776774816,387392718,robot_2,-2.270,2.227
1776774816,605609325,robot_3,-4.205,-2.137
1776774816,605625555,robot_4,-0.096,-3.212
1776774816,605632165,robot_1,-3.940,-2.791
1776774816,605637918,robot_0,-0.811,-1.448
1776774816,605642782,robot_2,-2.269,2.228
1776774816,824402135,robot_3,-4.212,-2.204
1776774816,824417609,robot_4,-0.096,-3.213
1776774816,824424219,robot_1,-3.940,-2.791
1776774816,824428946,robot_0,-0.814,-1.448
1776774816,824434183,robot_2,-2.269,2.228
1776774817,44462195,robot_3,-4.225,-2.250
1776774817,44477039,robot_4,-0.095,-3.213
1776774817,44484128,robot_1,-3.937,-2.795
1776774817,44488936,robot_0,-0.817,-1.448
1776774817,44494020,robot_2,-2.269,2.228
1776774817,245402489,robot_3,-4.262,-2.284
1776774817,245426357,robot_4,-0.095,-3.213
1776774817,245438483,robot_1,-3.931,-2.802
1776774817,245447924,robot_0,-0.819,-1.449
1776774817,245457074,robot_2,-2.269,2.229
1776774817,464869611,robot_3,-4.304,-2.322
1776774817,464885111,robot_4,-0.095,-3.213
1776774817,464891455,robot_1,-3.929,-2.803
1776774817,464896256,robot_0,-0.819,-1.449
1776774817,464901117,robot_2,-2.269,2.229
1776774817,685693618,robot_3,-4.340,-2.360
1776774817,685711606,robot_4,-0.094,-3.213
1776774817,685719775,robot_1,-3.928,-2.803
1776774817,685726449,robot_0,-0.818,-1.449
1776774817,685732862,robot_2,-2.269,2.230
1776774817,905268964,robot_3,-4.380,-2.398
1776774817,905289417,robot_4,-0.094,-3.213
1776774817,905299528,robot_1,-3.925,-2.806
1776774817,905306722,robot_0,-0.818,-1.449
1776774817,905314010,robot_2,-2.269,2.230
1776774818,105907554,robot_3,-4.410,-2.434
1776774818,105941630,robot_4,-0.093,-3.212
1776774818,105956953,robot_1,-3.925,-2.811
1776774818,105967832,robot_0,-0.818,-1.448
1776774818,105979255,robot_2,-2.269,2.231
1776774818,325925553,robot_3,-4.438,-2.474
1776774818,325944508,robot_4,-0.093,-3.212
1776774818,325952640,robot_1,-3.928,-2.796
1776774818,325959929,robot_0,-0.818,-1.448
1776774818,325966727,robot_2,-2.270,2.231
1776774818,545173908,robot_3,-4.452,-2.516
1776774818,545198860,robot_4,-0.116,-3.186
1776774818,545208927,robot_1,-3.929,-2.793
1776774818,545216925,robot_0,-0.818,-1.447
1776774818,545225412,robot_2,-2.270,2.231
1776774818,745426288,robot_3,-4.459,-2.555
1776774818,745451293,robot_4,-0.153,-3.146
1776774818,745464823,robot_1,-3.930,-2.793
1776774818,745475476,robot_0,-0.818,-1.447
1776774818,745486159,robot_2,-2.270,2.231
1776774818,965319463,robot_3,-4.466,-2.598
1776774818,965343892,robot_4,-0.155,-3.144
1776774818,965355773,robot_1,-3.930,-2.792
1776774818,965364677,robot_0,-0.817,-1.447
1776774818,965374114,robot_2,-2.270,2.231
1776774819,165947099,robot_3,-4.466,-2.602
1776774819,165965244,robot_4,-0.155,-3.144
1776774819,165972381,robot_1,-3.930,-2.792
1776774819,165978203,robot_0,-0.817,-1.446
1776774819,165984018,robot_2,-2.270,2.231
1776774819,385903064,robot_3,-4.466,-2.602
1776774819,385932303,robot_4,-0.155,-3.144
1776774819,385946554,robot_1,-3.931,-2.792
1776774819,385957963,robot_0,-0.816,-1.446
1776774819,385968616,robot_2,-2.271,2.231
1776774819,605591052,robot_3,-4.468,-2.601
1776774819,605616770,robot_4,-0.156,-3.144
1776774819,605628476,robot_1,-3.929,-2.792
1776774819,605637740,robot_0,-0.816,-1.446
1776774819,605646683,robot_2,-2.271,2.232
1776774819,806060678,robot_3,-4.497,-2.576
1776774819,806082192,robot_4,-0.156,-3.144
1776774819,806092548,robot_1,-3.912,-2.791
1776774819,806100699,robot_0,-0.816,-1.446
1776774819,806108400,robot_2,-2.272,2.232
1776774820,6308283,robot_3,-4.510,-2.560
1776774820,6329607,robot_4,-0.157,-3.144
1776774820,6339155,robot_1,-3.902,-2.790
1776774820,6345988,robot_0,-0.816,-1.446
1776774820,6352943,robot_2,-2.272,2.231
1776774820,226706483,robot_3,-4.524,-2.535
1776774820,226740313,robot_4,-0.157,-3.144
1776774820,226757311,robot_1,-3.896,-2.788
1776774820,226771061,robot_0,-0.816,-1.446
1776774820,226783240,robot_2,-2.272,2.231
1776774820,444752502,robot_3,-4.528,-2.535
1776774820,444772670,robot_4,-0.158,-3.144
1776774820,444782727,robot_1,-3.896,-2.788
1776774820,444790088,robot_0,-0.817,-1.447
1776774820,444797793,robot_2,-2.273,2.231
1776774820,645067461,robot_3,-4.531,-2.535
1776774820,645086601,robot_4,-0.158,-3.144
1776774820,645093867,robot_1,-3.896,-2.789
1776774820,645099221,robot_0,-0.817,-1.447
1776774820,645104299,robot_2,-2.273,2.231
1776774820,845413954,robot_3,-4.534,-2.536
1776774820,845431946,robot_4,-0.158,-3.143
1776774820,845440226,robot_1,-3.894,-2.792
1776774820,845446556,robot_0,-0.817,-1.447
1776774820,845452636,robot_2,-2.273,2.230
1776774821,65435896,robot_3,-4.535,-2.536
1776774821,65458267,robot_4,-0.158,-3.143
1776774821,65465349,robot_1,-3.894,-2.796
1776774821,65470630,robot_0,-0.817,-1.448
1776774821,65475876,robot_2,-2.273,2.230
1776774821,285177571,robot_3,-4.535,-2.536
1776774821,285193285,robot_4,-0.158,-3.144
1776774821,285200296,robot_1,-3.894,-2.800
1776774821,285205391,robot_0,-0.817,-1.448
1776774821,285210554,robot_2,-2.273,2.230
1776774821,486400451,robot_3,-4.534,-2.536
1776774821,486421641,robot_4,-0.158,-3.144
1776774821,486431615,robot_1,-3.894,-2.803
1776774821,486439780,robot_0,-0.817,-1.449
1776774821,486447608,robot_2,-2.274,2.230
1776774821,705880893,robot_3,-4.533,-2.536
1776774821,705900728,robot_4,-0.157,-3.144
1776774821,705910065,robot_1,-3.896,-2.806
1776774821,705917550,robot_0,-0.817,-1.449
1776774821,705924515,robot_2,-2.274,2.229
1776774821,925440321,robot_3,-4.531,-2.536
1776774821,925463053,robot_4,-0.157,-3.144
1776774821,925475716,robot_1,-3.896,-2.808
1776774821,925484844,robot_0,-0.817,-1.449
1776774821,925492881,robot_2,-2.274,2.229
1776774822,145480346,robot_3,-4.530,-2.535
1776774822,145499273,robot_4,-0.156,-3.144
1776774822,145506331,robot_1,-3.901,-2.803
1776774822,145511991,robot_0,-0.817,-1.450
1776774822,145517580,robot_2,-2.273,2.228
1776774822,345606170,robot_3,-4.529,-2.534
1776774822,345633742,robot_4,-0.156,-3.144
1776774822,345645144,robot_1,-3.903,-2.805
1776774822,345654805,robot_0,-0.816,-1.450
1776774822,345666701,robot_2,-2.273,2.228
1776774822,564700098,robot_3,-4.529,-2.534
1776774822,564719572,robot_4,-0.155,-3.144
1776774822,564726430,robot_1,-3.904,-2.805
1776774822,564732605,robot_0,-0.816,-1.450
1776774822,564737820,robot_2,-2.273,2.228
1776774822,765809070,robot_3,-4.529,-2.533
1776774822,765837166,robot_4,-0.155,-3.143
1776774822,765852156,robot_1,-3.904,-2.805
1776774822,765862818,robot_0,-0.815,-1.450
1776774822,765874711,robot_2,-2.273,2.227
1776774822,966388584,robot_3,-4.529,-2.533
1776774822,966409427,robot_4,-0.155,-3.143
1776774822,966416395,robot_1,-3.903,-2.805
1776774822,966422247,robot_0,-0.815,-1.450
1776774822,966427285,robot_2,-2.272,2.227
1776774823,186155752,robot_3,-4.529,-2.533
1776774823,186175473,robot_4,-0.155,-3.143
1776774823,186185718,robot_1,-3.902,-2.804
1776774823,186192723,robot_0,-0.815,-1.450
1776774823,186199823,robot_2,-2.272,2.227
1776774823,404707076,robot_3,-4.530,-2.533
1776774823,404722809,robot_4,-0.154,-3.142
1776774823,404729870,robot_1,-3.901,-2.801
1776774823,404736189,robot_0,-0.814,-1.450
1776774823,404741509,robot_2,-2.271,2.227
1776774823,605325679,robot_3,-4.530,-2.533
1776774823,605342297,robot_4,-0.154,-3.142
1776774823,605349361,robot_1,-3.900,-2.800
1776774823,605355352,robot_0,-0.814,-1.450
1776774823,605360475,robot_2,-2.271,2.227
1776774823,805775296,robot_3,-4.531,-2.533
1776774823,805795573,robot_4,-0.154,-3.141
1776774823,805805125,robot_1,-3.899,-2.798
1776774823,805812480,robot_0,-0.814,-1.450
1776774823,805819585,robot_2,-2.271,2.227
1776774824,25598429,robot_3,-4.531,-2.533
1776774824,25614811,robot_4,-0.154,-3.141
1776774824,25621888,robot_1,-3.899,-2.797
1776774824,25627863,robot_0,-0.814,-1.450
1776774824,25633723,robot_2,-2.270,2.227
1776774824,244150034,robot_3,-4.532,-2.533
1776774824,244164879,robot_4,-0.155,-3.141
1776774824,244171513,robot_1,-3.899,-2.795
1776774824,244176196,robot_0,-0.813,-1.450
1776774824,244181925,robot_2,-2.270,2.227
1776774824,445446352,robot_3,-4.532,-2.533
1776774824,445462181,robot_4,-0.155,-3.140
1776774824,445468850,robot_1,-3.899,-2.795
1776774824,445474697,robot_0,-0.813,-1.450
1776774824,445480241,robot_2,-2.269,2.228
1776774824,664508747,robot_3,-4.532,-2.534
1776774824,664530134,robot_4,-0.155,-3.140
1776774824,664550231,robot_1,-3.900,-2.795
1776774824,664556511,robot_0,-0.813,-1.449
1776774824,664562405,robot_2,-2.269,2.228
1776774824,884285086,robot_3,-4.532,-2.534
1776774824,884300706,robot_4,-0.155,-3.140
1776774824,884307279,robot_1,-3.900,-2.795
1776774824,884312718,robot_0,-0.813,-1.449
1776774824,884317391,robot_2,-2.269,2.228
1776774825,85758387,robot_3,-4.532,-2.534
1776774825,85781652,robot_4,-0.155,-3.140
1776774825,85790234,robot_1,-3.901,-2.795
1776774825,85797499,robot_0,-0.813,-1.448
1776774825,85804154,robot_2,-2.269,2.228
1776774825,305773947,robot_3,-4.532,-2.534
1776774825,305807101,robot_4,-0.155,-3.141
1776774825,305822629,robot_1,-3.901,-2.795
1776774825,305834399,robot_0,-0.813,-1.448
1776774825,305845981,robot_2,-2.270,2.228
1776774825,524651904,robot_3,-4.532,-2.534
1776774825,524667502,robot_4,-0.155,-3.141
1776774825,524673933,robot_1,-3.901,-2.796
1776774825,524679992,robot_0,-0.813,-1.447
1776774825,524685020,robot_2,-2.270,2.227
1776774825,725599044,robot_3,-4.532,-2.534
1776774825,725616177,robot_4,-0.155,-3.142
1776774825,725622728,robot_1,-3.901,-2.796
1776774825,725628116,robot_0,-0.813,-1.447
1776774825,725632742,robot_2,-2.270,2.227
1776774825,926596692,robot_3,-4.532,-2.534
1776774825,926618946,robot_4,-0.155,-3.142
1776774825,926629010,robot_1,-3.902,-2.796
1776774825,926637522,robot_0,-0.865,-1.459
1776774825,926645283,robot_2,-2.271,2.227
1776774826,144563051,robot_3,-4.532,-2.533
1776774826,144579219,robot_4,-0.155,-3.142
1776774826,144586326,robot_1,-3.902,-2.797
1776774826,144591375,robot_0,-0.922,-1.473
1776774826,144596158,robot_2,-2.271,2.227
1776774826,345281337,robot_3,-4.531,-2.533
1776774826,345297236,robot_4,-0.155,-3.143
1776774826,345303859,robot_1,-3.902,-2.797
1776774826,345308881,robot_0,-0.958,-1.481
1776774826,345314042,robot_2,-2.272,2.227
1776774826,546375595,robot_3,-4.531,-2.533
1776774826,546395169,robot_4,-0.155,-3.143
1776774826,546405236,robot_1,-3.901,-2.798
1776774826,546412681,robot_0,-0.960,-1.482
1776774826,546420604,robot_2,-2.272,2.227
1776774826,764332358,robot_3,-4.530,-2.533
1776774826,764348538,robot_4,-0.156,-3.144
1776774826,764355592,robot_1,-3.901,-2.798
1776774826,764361265,robot_0,-0.960,-1.481
1776774826,764366233,robot_2,-2.273,2.228
1776774826,966510305,robot_3,-4.530,-2.533
1776774826,966547822,robot_4,-0.156,-3.144
1776774826,966561120,robot_1,-3.901,-2.798
1776774826,966572258,robot_0,-0.972,-1.468
1776774826,966581973,robot_2,-2.273,2.228
1776774827,186647835,robot_3,-4.529,-2.533
1776774827,186687336,robot_4,-0.156,-3.144
1776774827,186709648,robot_1,-3.901,-2.798
1776774827,186726932,robot_0,-0.985,-1.454
1776774827,186743950,robot_2,-2.273,2.228
1776774827,404581293,robot_3,-4.529,-2.533
1776774827,404595565,robot_4,-0.156,-3.144
1776774827,404602372,robot_1,-3.901,-2.798
1776774827,404607115,robot_0,-0.987,-1.452
1776774827,404612410,robot_2,-2.273,2.228
1776774827,605737595,robot_3,-4.529,-2.533
1776774827,605761858,robot_4,-0.156,-3.143
1776774827,605772690,robot_1,-3.901,-2.799
1776774827,605782430,robot_0,-0.987,-1.452
1776774827,605791045,robot_2,-2.273,2.228
1776774827,826401391,robot_3,-4.529,-2.533
1776774827,826424658,robot_4,-0.155,-3.143
1776774827,826435376,robot_1,-3.900,-2.799
1776774827,826444453,robot_0,-0.988,-1.452
1776774827,826452497,robot_2,-2.273,2.228
1776774828,45695931,robot_3,-4.529,-2.533
1776774828,45720065,robot_4,-0.155,-3.142
1776774828,45732949,robot_1,-3.900,-2.799
1776774828,45744005,robot_0,-0.988,-1.452
1776774828,45753695,robot_2,-2.272,2.228
1776774828,245960916,robot_3,-4.530,-2.533
1776774828,245977728,robot_4,-0.155,-3.142
1776774828,245984834,robot_1,-3.900,-2.799
1776774828,245990767,robot_0,-0.989,-1.452
1776774828,245996179,robot_2,-2.272,2.228
1776774828,465478324,robot_3,-4.530,-2.533
1776774828,465501921,robot_4,-0.155,-3.142
1776774828,465513325,robot_1,-3.899,-2.799
1776774828,465523006,robot_0,-0.989,-1.452
1776774828,465531387,robot_2,-2.271,2.228
1776774828,684580890,robot_3,-4.531,-2.533
1776774828,684596243,robot_4,-0.155,-3.141
1776774828,684602598,robot_1,-3.899,-2.799
1776774828,684607478,robot_0,-0.989,-1.452
1776774828,684612376,robot_2,-2.271,2.228
1776774828,904536050,robot_3,-4.531,-2.534
1776774828,904566013,robot_4,-0.155,-3.141
1776774828,904575679,robot_1,-3.899,-2.799
1776774828,904582766,robot_0,-0.990,-1.453
1776774828,904589296,robot_2,-2.270,2.228
1776774829,106621399,robot_3,-4.531,-2.534
1776774829,106640361,robot_4,-0.156,-3.140
1776774829,106646851,robot_1,-3.899,-2.799
1776774829,106651928,robot_0,-0.990,-1.453
1776774829,106657023,robot_2,-2.270,2.228
1776774829,325417979,robot_3,-4.532,-2.534
1776774829,325433805,robot_4,-0.156,-3.140
1776774829,325440857,robot_1,-3.898,-2.799
1776774829,325446354,robot_0,-0.990,-1.454
1776774829,325452110,robot_2,-2.270,2.229
1776774829,525544358,robot_3,-4.532,-2.535
1776774829,525561086,robot_4,-0.156,-3.140
1776774829,525568269,robot_1,-3.898,-2.799
1776774829,525573686,robot_0,-0.990,-1.454
1776774829,525579253,robot_2,-2.270,2.229
1776774829,725737425,robot_3,-4.532,-2.535
1776774829,725757357,robot_4,-0.157,-3.140
1776774829,725766799,robot_1,-3.898,-2.799
1776774829,725774276,robot_0,-0.990,-1.454
1776774829,725781652,robot_2,-2.269,2.229
1776774829,925860751,robot_3,-4.532,-2.536
1776774829,925878752,robot_4,-0.157,-3.140
1776774829,925886517,robot_1,-3.897,-2.798
1776774829,925892532,robot_0,-0.990,-1.455
1776774829,925898848,robot_2,-2.269,2.230
1776774830,145810497,robot_3,-4.532,-2.536
1776774830,145837192,robot_4,-0.158,-3.140
1776774830,145850861,robot_1,-3.897,-2.798
1776774830,145861593,robot_0,-0.990,-1.455
1776774830,145871391,robot_2,-2.269,2.230
1776774830,365738470,robot_3,-4.532,-2.536
1776774830,365754340,robot_4,-0.158,-3.140
1776774830,365761155,robot_1,-3.897,-2.798
1776774830,365766843,robot_0,-0.990,-1.455
1776774830,365772158,robot_2,-2.269,2.231
1776774830,566197648,robot_3,-4.531,-2.537
1776774830,566228125,robot_4,-0.159,-3.140
1776774830,566243530,robot_1,-3.897,-2.797
1776774830,566256567,robot_0,-0.990,-1.454
1776774830,566268286,robot_2,-2.270,2.231
1776774830,786322196,robot_3,-4.531,-2.537
1776774830,786351042,robot_4,-0.159,-3.140
1776774830,786363857,robot_1,-3.897,-2.797
1776774830,786373321,robot_0,-0.990,-1.454
1776774830,786382636,robot_2,-2.270,2.231
1776774831,6591743,robot_3,-4.531,-2.537
1776774831,6616730,robot_4,-0.159,-3.140
1776774831,6628788,robot_1,-3.897,-2.796
1776774831,6638328,robot_0,-0.990,-1.454
1776774831,6647731,robot_2,-2.270,2.232
1776774831,225613852,robot_3,-4.530,-2.538
1776774831,225633813,robot_4,-0.159,-3.140
1776774831,225642105,robot_1,-3.897,-2.796
1776774831,225649213,robot_0,-0.990,-1.453
1776774831,225655586,robot_2,-2.270,2.232
1776774831,445686958,robot_3,-4.524,-2.526
1776774831,445704086,robot_4,-0.159,-3.141
1776774831,445711177,robot_1,-3.897,-2.795
1776774831,445717117,robot_0,-0.989,-1.452
1776774831,445722666,robot_2,-2.270,2.232
1776774831,665786947,robot_3,-4.505,-2.487
1776774831,665817504,robot_4,-0.160,-3.141
1776774831,665832209,robot_1,-3.898,-2.795
1776774831,665844858,robot_0,-0.988,-1.452
1776774831,665855678,robot_2,-2.270,2.232
1776774831,885904343,robot_3,-4.485,-2.448
1776774831,885925150,robot_4,-0.160,-3.142
1776774831,885934414,robot_1,-3.898,-2.795
1776774831,885941767,robot_0,-0.988,-1.452
1776774831,885948831,robot_2,-2.271,2.232
1776774832,88111414,robot_3,-4.467,-2.412
1776774832,88140006,robot_4,-0.160,-3.142
1776774832,88151798,robot_1,-3.899,-2.795
1776774832,88160373,robot_0,-0.987,-1.452
1776774832,88168795,robot_2,-2.271,2.232
1776774832,305875901,robot_3,-4.447,-2.373
1776774832,305892990,robot_4,-0.160,-3.142
1776774832,305900233,robot_1,-3.899,-2.795
1776774832,305906280,robot_0,-0.987,-1.452
1776774832,305911946,robot_2,-2.272,2.232
1776774832,505969327,robot_3,-4.429,-2.337
1776774832,505988414,robot_4,-0.160,-3.143
1776774832,505996834,robot_1,-3.900,-2.795
1776774832,506003361,robot_0,-0.987,-1.452
1776774832,506010018,robot_2,-2.272,2.232
1776774832,725497827,robot_3,-4.409,-2.298
1776774832,725515801,robot_4,-0.159,-3.143
1776774832,725523708,robot_1,-3.900,-2.795
1776774832,725530088,robot_0,-0.987,-1.452
1776774832,725535589,robot_2,-2.272,2.232
1776774832,945417531,robot_3,-4.389,-2.258
1776774832,945439106,robot_4,-0.159,-3.143
1776774832,945448975,robot_1,-3.900,-2.795
1776774832,945456256,robot_0,-0.988,-1.452
1776774832,945463243,robot_2,-2.273,2.232
1776774833,165897453,robot_3,-4.369,-2.220
1776774833,165917427,robot_4,-0.159,-3.143
1776774833,165932329,robot_1,-3.900,-2.795
1776774833,165943861,robot_0,-0.988,-1.452
1776774833,165953544,robot_2,-2.273,2.232
1776774833,385631931,robot_3,-4.352,-2.185
1776774833,385661791,robot_4,-0.159,-3.144
1776774833,385676185,robot_1,-3.899,-2.795
1776774833,385689489,robot_0,-0.988,-1.452
1776774833,385702433,robot_2,-2.273,2.232
1776774833,605115079,robot_3,-4.333,-2.147
1776774833,605131256,robot_4,-0.159,-3.144
1776774833,605138277,robot_1,-3.899,-2.795
1776774833,605144157,robot_0,-0.989,-1.453
1776774833,605149332,robot_2,-2.273,2.232
1776774833,805680817,robot_3,-4.312,-2.107
1776774833,805696005,robot_4,-0.158,-3.144
1776774833,805702843,robot_1,-3.898,-2.795
1776774833,805708324,robot_0,-0.989,-1.453
1776774833,805714159,robot_2,-2.273,2.232
1776774834,25413261,robot_3,-4.276,-2.036
1776774834,25435082,robot_4,-0.158,-3.144
1776774834,25442917,robot_1,-3.898,-2.795
1776774834,25448756,robot_0,-0.989,-1.454
1776774834,25454634,robot_2,-2.274,2.231
1776774834,245602855,robot_3,-4.253,-1.989
1776774834,245622870,robot_4,-0.157,-3.144
1776774834,245632094,robot_1,-3.898,-2.796
1776774834,245638724,robot_0,-0.989,-1.454
1776774834,245645080,robot_2,-2.274,2.231
1776774834,466175995,robot_3,-4.233,-1.950
1776774834,466195001,robot_4,-0.157,-3.144
1776774834,466202881,robot_1,-3.897,-2.796
1776774834,466210219,robot_0,-0.989,-1.454
1776774834,466216637,robot_2,-2.274,2.230
1776774834,685996855,robot_3,-4.213,-1.911
1776774834,686020995,robot_4,-0.157,-3.144
1776774834,686031839,robot_1,-3.897,-2.797
1776774834,686040514,robot_0,-0.989,-1.455
1776774834,686049214,robot_2,-2.274,2.230
1776774834,904180633,robot_3,-4.193,-1.872
1776774834,904194766,robot_4,-0.156,-3.144
1776774834,904201396,robot_1,-3.897,-2.797
1776774834,904206102,robot_0,-0.989,-1.455
1776774834,904210901,robot_2,-2.274,2.230
1776774835,106318579,robot_3,-4.175,-1.836
1776774835,106336333,robot_4,-0.156,-3.144
1776774835,106343921,robot_1,-3.897,-2.797
1776774835,106349312,robot_0,-0.988,-1.456
1776774835,106354360,robot_2,-2.274,2.229
1776774835,324683351,robot_3,-4.155,-1.797
1776774835,324698952,robot_4,-0.156,-3.143
1776774835,324705341,robot_1,-3.897,-2.797
1776774835,324710652,robot_0,-0.992,-1.453
1776774835,324716106,robot_2,-2.274,2.229
1776774835,526393421,robot_3,-4.137,-1.761
1776774835,526409555,robot_4,-0.155,-3.143
1776774835,526416306,robot_1,-3.897,-2.797
1776774835,526422169,robot_0,-0.992,-1.453
1776774835,526427715,robot_2,-2.273,2.228
1776774835,744536378,robot_3,-4.104,-1.697
1776774835,744554992,robot_4,-0.155,-3.142
1776774835,744561652,robot_1,-3.897,-2.797
1776774835,744566346,robot_0,-0.991,-1.453
1776774835,744571255,robot_2,-2.273,2.228
1776774835,945838695,robot_3,-4.076,-1.642
1776774835,945853732,robot_4,-0.155,-3.142
1776774835,945860497,robot_1,-3.898,-2.796
1776774835,945865497,robot_0,-0.991,-1.453
1776774835,945870500,robot_2,-2.273,2.228
1776774836,165512689,robot_3,-4.055,-1.603
1776774836,165533354,robot_4,-0.155,-3.142
1776774836,165548154,robot_1,-3.898,-2.796
1776774836,165555181,robot_0,-0.991,-1.453
1776774836,165562097,robot_2,-2.272,2.228
1776774836,385327013,robot_3,-4.034,-1.564
1776774836,385341622,robot_4,-0.155,-3.141
1776774836,385348505,robot_1,-3.898,-2.796
1776774836,385354212,robot_0,-0.991,-1.453
1776774836,385359804,robot_2,-2.272,2.228
1776774836,587240762,robot_3,-4.016,-1.529
1776774836,587264726,robot_4,-0.156,-3.141
1776774836,587275226,robot_1,-3.899,-2.796
1776774836,587283952,robot_0,-0.991,-1.453
1776774836,587291871,robot_2,-2.271,2.228
1776774836,805669468,robot_3,-3.997,-1.494
1776774836,805691984,robot_4,-0.156,-3.141
1776774836,805702972,robot_1,-3.899,-2.795
1776774836,805712050,robot_0,-0.991,-1.453
1776774836,805720750,robot_2,-2.271,2.228
1776774837,25687558,robot_3,-3.986,-1.472
1776774837,25702204,robot_4,-0.156,-3.141
1776774837,25709466,robot_1,-3.900,-2.796
1776774837,25714683,robot_0,-0.992,-1.452
1776774837,25720322,robot_2,-2.271,2.228
1776774837,225697459,robot_3,-3.968,-1.440
1776774837,225714120,robot_4,-0.156,-3.140
1776774837,225721093,robot_1,-3.900,-2.796
1776774837,225726214,robot_0,-0.992,-1.452
1776774837,225731114,robot_2,-2.270,2.228
1776774837,426206222,robot_3,-3.949,-1.405
1776774837,426236909,robot_4,-0.156,-3.140
1776774837,426252154,robot_1,-3.900,-2.796
1776774837,426265276,robot_0,-0.992,-1.452
1776774837,426276566,robot_2,-2.270,2.228
1776774837,644698059,robot_3,-3.927,-1.366
1776774837,644714562,robot_4,-0.156,-3.140
1776774837,644721480,robot_1,-3.901,-2.796
1776774837,644726957,robot_0,-0.993,-1.451
1776774837,644732144,robot_2,-2.270,2.228
1776774837,844952961,robot_3,-3.908,-1.331
1776774837,844973245,robot_4,-0.157,-3.140
1776774837,844982115,robot_1,-3.901,-2.796
1776774837,844989252,robot_0,-0.993,-1.451
1776774837,844996350,robot_2,-2.270,2.228
1776774838,66283398,robot_3,-3.887,-1.292
1776774838,66317981,robot_4,-0.157,-3.140
1776774838,66336767,robot_1,-3.901,-2.797
1776774838,66352707,robot_0,-0.993,-1.450
1776774838,66368117,robot_2,-2.270,2.228
1776774838,266421245,robot_3,-3.868,-1.257
1776774838,266446613,robot_4,-0.158,-3.140
1776774838,266459517,robot_1,-3.902,-2.797
1776774838,266469209,robot_0,-0.993,-1.450
1776774838,266478592,robot_2,-2.271,2.228
1776774838,485628339,robot_3,-3.846,-1.219
1776774838,485648901,robot_4,-0.158,-3.140
1776774838,485658309,robot_1,-3.902,-2.798
1776774838,485665264,robot_0,-0.993,-1.450
1776774838,485671975,robot_2,-2.271,2.228
1776774838,686166901,robot_3,-3.827,-1.184
1776774838,686190500,robot_4,-0.158,-3.140
1776774838,686201001,robot_1,-3.902,-2.798
1776774838,686211236,robot_0,-0.964,-1.453
1776774838,686217084,robot_2,-2.272,2.228
1776774838,886455513,robot_3,-3.808,-1.149
1776774838,886494397,robot_4,-0.159,-3.140
1776774838,886509454,robot_1,-3.902,-2.798
1776774838,886521660,robot_0,-0.924,-1.457
1776774838,886532105,robot_2,-2.272,2.228
1776774839,105842369,robot_3,-3.787,-1.110
1776774839,105862638,robot_4,-0.159,-3.140
1776774839,105870031,robot_1,-3.902,-2.798
1776774839,105875600,robot_0,-0.880,-1.462
1776774839,105880681,robot_2,-2.273,2.228
1776774839,324444948,robot_3,-3.766,-1.072
1776774839,324461277,robot_4,-0.159,-3.140
1776774839,324467564,robot_1,-3.902,-2.798
1776774839,324473070,robot_0,-0.837,-1.467
1776774839,324478078,robot_2,-2.273,2.228
1776774839,544085132,robot_3,-3.744,-1.033
1776774839,544100673,robot_4,-0.159,-3.140
1776774839,544107195,robot_1,-3.901,-2.799
1776774839,544112179,robot_0,-0.793,-1.471
1776774839,544117198,robot_2,-2.273,2.229
1776774839,744643608,robot_3,-3.725,-0.998
1776774839,744662335,robot_4,-0.160,-3.141
1776774839,744670004,robot_1,-3.901,-2.799
1776774839,744675600,robot_0,-0.753,-1.476
1776774839,744681667,robot_2,-2.274,2.229
1776774839,945579770,robot_3,-3.706,-0.963
1776774839,945600708,robot_4,-0.160,-3.141
1776774839,945609352,robot_1,-3.901,-2.800
1776774839,945615995,robot_0,-0.713,-1.480
1776774839,945622338,robot_2,-2.274,2.229
1776774840,166168749,robot_3,-3.685,-0.924
1776774840,166190790,robot_4,-0.160,-3.141
1776774840,166199079,robot_1,-3.901,-2.800
1776774840,166205433,robot_0,-0.670,-1.485
1776774840,166211643,robot_2,-2.274,2.229
1776774840,366890571,robot_3,-3.665,-0.889
1776774840,366920844,robot_4,-0.160,-3.142
1776774840,366935352,robot_1,-3.900,-2.800
1776774840,366948621,robot_0,-0.630,-1.489
1776774840,366960741,robot_2,-2.274,2.229
1776774840,584978438,robot_3,-3.644,-0.851
1776774840,584999465,robot_4,-0.160,-3.142
1776774840,585006430,robot_1,-3.900,-2.800
1776774840,585011774,robot_0,-0.586,-1.494
1776774840,585016925,robot_2,-2.273,2.229
1776774840,785445531,robot_3,-3.625,-0.816
1776774840,785470405,robot_4,-0.160,-3.143
1776774840,785481260,robot_1,-3.899,-2.800
1776774840,785490510,robot_0,-0.546,-1.498
1776774840,785498788,robot_2,-2.273,2.229
1776774840,986343285,robot_3,-3.606,-0.781
1776774840,986375820,robot_4,-0.159,-3.143
1776774840,986390539,robot_1,-3.899,-2.800
1776774840,986402879,robot_0,-0.510,-1.502
1776774840,986414757,robot_2,-2.273,2.228
1776774841,206379485,robot_3,-3.584,-0.742
1776774841,206404852,robot_4,-0.159,-3.144
1776774841,206416777,robot_1,-3.899,-2.800
1776774841,206426137,robot_0,-0.476,-1.506
1776774841,206435673,robot_2,-2.272,2.228
1776774841,425902251,robot_3,-3.563,-0.704
1776774841,425927435,robot_4,-0.159,-3.144
1776774841,425938239,robot_1,-3.899,-2.800
1776774841,425945681,robot_0,-0.432,-1.510
1776774841,425952226,robot_2,-2.272,2.228
1776774841,644697046,robot_3,-3.544,-0.669
1776774841,644713956,robot_4,-0.158,-3.144
1776774841,644720401,robot_1,-3.898,-2.800
1776774841,644725390,robot_0,-0.389,-1.515
1776774841,644731359,robot_2,-2.271,2.229
1776774841,844996779,robot_3,-3.530,-0.643
1776774841,845013006,robot_4,-0.158,-3.144
1776774841,845019734,robot_1,-3.898,-2.800
1776774841,845024542,robot_0,-0.349,-1.519
1776774841,845029347,robot_2,-2.271,2.229
1776774842,45348270,robot_3,-3.511,-0.609
1776774842,45363860,robot_4,-0.158,-3.144
1776774842,45370192,robot_1,-3.898,-2.799
1776774842,45375048,robot_0,-0.309,-1.524
1776774842,45379816,robot_2,-2.270,2.229
1776774842,245627180,robot_3,-3.492,-0.574
1776774842,245651395,robot_4,-0.157,-3.144
1776774842,245659405,robot_1,-3.897,-2.799
1776774842,245665711,robot_0,-0.262,-1.529
1776774842,245672296,robot_2,-2.270,2.229
1776774842,465659689,robot_3,-3.471,-0.535
1776774842,465687639,robot_4,-0.157,-3.144
1776774842,465700919,robot_1,-3.897,-2.799
1776774842,465713092,robot_0,-0.209,-1.537
1776774842,465724713,robot_2,-2.270,2.230
1776774842,665891969,robot_3,-3.451,-0.500
1776774842,665921221,robot_4,-0.156,-3.144
1776774842,665934699,robot_1,-3.897,-2.798
1776774842,665945769,robot_0,-0.170,-1.544
1776774842,665956630,robot_2,-2.270,2.230
1776774842,885969456,robot_3,-3.429,-0.459
1776774842,885989234,robot_4,-0.156,-3.144
1776774842,885997734,robot_1,-3.897,-2.798
1776774842,886004757,robot_0,-0.135,-1.551
1776774842,886010927,robot_2,-2.270,2.231
1776774843,106864857,robot_3,-3.406,-0.417
1776774843,106889260,robot_4,-0.165,-3.127
1776774843,106898952,robot_1,-3.897,-2.797
1776774843,106906453,robot_0,-0.098,-1.557
1776774843,106913835,robot_2,-2.270,2.231
1776774843,325817892,robot_3,-3.385,-0.379
1776774843,325836307,robot_4,-0.185,-3.088
1776774843,325844375,robot_1,-3.897,-2.797
1776774843,325851601,robot_0,-0.055,-1.563
1776774843,325858524,robot_2,-2.270,2.231
1776774843,526838713,robot_3,-3.353,-0.321
1776774843,526875632,robot_4,-0.204,-3.053
1776774843,526896117,robot_1,-3.898,-2.796
1776774843,526913597,robot_0,-0.015,-1.568
1776774843,526929994,robot_2,-2.270,2.232
1776774843,745261731,robot_3,-3.320,-0.261
1776774843,745285797,robot_4,-0.225,-3.014
1776774843,745296782,robot_1,-3.898,-2.796
1776774843,745305940,robot_0,0.029,-1.574
1776774843,745314352,robot_2,-2.270,2.232
1776774843,945624678,robot_3,-3.301,-0.226
1776774843,945641344,robot_4,-0.240,-2.984
1776774843,945657286,robot_1,-3.898,-2.796
1776774843,945662652,robot_0,0.066,-1.579
1776774843,945668015,robot_2,-2.270,2.232
1776774844,165442707,robot_3,-3.285,-0.198
1776774844,165468225,robot_4,-0.240,-2.984
1776774844,165478878,robot_1,-3.899,-2.796
1776774844,165486725,robot_0,0.098,-1.583
1776774844,165493056,robot_2,-2.270,2.232
1776774844,366246517,robot_3,-3.267,-0.168
1776774844,366274880,robot_4,-0.236,-2.991
1776774844,366288188,robot_1,-3.899,-2.796
1776774844,366298623,robot_0,0.135,-1.588
1776774844,366309619,robot_2,-2.270,2.233
1776774844,566262927,robot_3,-3.247,-0.133
1776774844,566300483,robot_4,-0.220,-2.991
1776774844,566320781,robot_1,-3.899,-2.796
1776774844,566338134,robot_0,0.175,-1.593
1776774844,566354360,robot_2,-2.271,2.233
1776774844,786233448,robot_3,-3.206,-0.064
1776774844,786262808,robot_4,-0.218,-2.990
1776774844,786275894,robot_1,-3.899,-2.796
1776774844,786285635,robot_0,0.218,-1.599
1776774844,786296043,robot_2,-2.271,2.233
1776774844,986395311,robot_3,-3.176,-0.015
1776774844,986418126,robot_4,-0.219,-2.990
1776774844,986428418,robot_1,-3.899,-2.796
1776774844,986436832,robot_0,0.258,-1.604
1776774844,986444579,robot_2,-2.272,2.233
1776774845,204852880,robot_3,-3.151,0.027
1776774845,204871712,robot_4,-0.219,-2.990
1776774845,204878711,robot_1,-3.899,-2.796
1776774845,204884363,robot_0,0.307,-1.611
1776774845,204889731,robot_2,-2.272,2.233
1776774845,406440437,robot_3,-3.115,0.088
1776774845,406464543,robot_4,-0.219,-2.990
1776774845,406475275,robot_1,-3.898,-2.796
1776774845,406483864,robot_0,0.359,-1.617
1776774845,406492228,robot_2,-2.273,2.233
1776774845,606880244,robot_3,-3.089,0.131
1776774845,606900157,robot_4,-0.220,-2.990
1776774845,606907829,robot_1,-3.898,-2.796
1776774845,606913599,robot_0,0.399,-1.623
1776774845,606918870,robot_2,-2.273,2.233
1776774845,825737953,robot_3,-3.063,0.175
1776774845,825763666,robot_4,-0.220,-2.989
1776774845,825774740,robot_1,-3.898,-2.797
1776774845,825783922,robot_0,0.443,-1.629
1776774845,825793571,robot_2,-2.273,2.233
1776774846,26586125,robot_3,-3.030,0.232
1776774846,26605154,robot_4,-0.220,-2.989
1776774846,26613567,robot_1,-3.897,-2.797
1776774846,26620250,robot_0,0.483,-1.634
1776774846,26627116,robot_2,-2.273,2.233
1776774846,245784697,robot_3,-3.004,0.274
1776774846,245825473,robot_4,-0.220,-2.989
1776774846,245844543,robot_1,-3.897,-2.798
1776774846,245860369,robot_0,0.526,-1.640
1776774846,245876036,robot_2,-2.273,2.233
1776774846,465540718,robot_3,-2.977,0.320
1776774846,465571494,robot_4,-0.220,-2.989
1776774846,465578628,robot_1,-3.897,-2.798
1776774846,465585245,robot_0,0.569,-1.645
1776774846,465591058,robot_2,-2.274,2.233
1776774846,685085288,robot_3,-2.947,0.371
1776774846,685102607,robot_4,-0.220,-2.989
1776774846,685109837,robot_1,-3.897,-2.799
1776774846,685115399,robot_0,0.613,-1.651
1776774846,685120448,robot_2,-2.274,2.232
1776774846,905083737,robot_3,-2.924,0.409
1776774846,905111673,robot_4,-0.220,-2.990
1776774846,905123662,robot_1,-3.897,-2.799
1776774846,905133286,robot_0,0.656,-1.657
1776774846,905143029,robot_2,-2.274,2.232
1776774847,107476797,robot_3,-2.910,0.433
1776774847,107501570,robot_4,-0.219,-2.990
1776774847,107511173,robot_1,-3.897,-2.798
1776774847,107518440,robot_0,0.716,-1.665
1776774847,107525454,robot_2,-2.274,2.232
1776774847,325253786,robot_3,-2.894,0.461
1776774847,325270608,robot_4,-0.219,-2.990
1776774847,325277629,robot_1,-3.898,-2.798
1776774847,325283544,robot_0,0.773,-1.672
1776774847,325288581,robot_2,-2.274,2.231
1776774847,526388864,robot_3,-2.874,0.495
1776774847,526414165,robot_4,-0.218,-2.990
1776774847,526426186,robot_1,-3.898,-2.798
1776774847,526435434,robot_0,0.813,-1.678
1776774847,526444456,robot_2,-2.274,2.231
1776774847,745158669,robot_3,-2.852,0.534
1776774847,745179569,robot_4,-0.217,-2.990
1776774847,745188533,robot_1,-3.898,-2.797
1776774847,745195607,robot_0,0.857,-1.683
1776774847,745202782,robot_2,-2.274,2.230
1776774847,945816077,robot_3,-2.832,0.568
1776774847,945833430,robot_4,-0.217,-2.990
1776774847,945841283,robot_1,-3.898,-2.797
1776774847,945847488,robot_0,0.896,-1.689
1776774847,945853397,robot_2,-2.274,2.230
1776774848,164864443,robot_3,-2.810,0.606
1776774848,164886463,robot_4,-0.216,-2.989
1776774848,164896188,robot_1,-3.899,-2.797
1776774848,164904315,robot_0,0.940,-1.694
1776774848,164911295,robot_2,-2.274,2.229
1776774848,365913465,robot_3,-2.790,0.641
1776774848,365942255,robot_4,-0.216,-2.989
1776774848,365952496,robot_1,-3.899,-2.796
1776774848,365960949,robot_0,0.980,-1.700
1776774848,365969636,robot_2,-2.274,2.229
1776774848,584869077,robot_3,-2.768,0.679
1776774848,584889260,robot_4,-0.216,-2.989
1776774848,584895839,robot_1,-3.899,-2.796
1776774848,584901086,robot_0,1.023,-1.705
1776774848,584914185,robot_2,-2.273,2.229
1776774848,785231032,robot_3,-2.748,0.714
1776774848,785245610,robot_4,-0.216,-2.988
1776774848,785252053,robot_1,-3.900,-2.796
1776774848,785257518,robot_0,1.071,-1.712
1776774848,785262992,robot_2,-2.273,2.229
1776774848,985561765,robot_3,-2.728,0.748
1776774848,985591514,robot_4,-0.215,-2.988
1776774848,985605885,robot_1,-3.900,-2.796
1776774848,985615788,robot_0,1.144,-1.721
1776774848,985624505,robot_2,-2.273,2.228
1776774849,205818747,robot_3,-2.706,0.787
1776774849,205842925,robot_4,-0.215,-2.987
1776774849,205853730,robot_1,-3.901,-2.796
1776774849,205863019,robot_0,1.198,-1.727
1776774849,205871313,robot_2,-2.272,2.228
1776774849,425447319,robot_3,-2.680,0.832
1776774849,425474157,robot_4,-0.215,-2.987
1776774849,425482641,robot_1,-3.901,-2.797
1776774849,425489755,robot_0,1.242,-1.732
1776774849,425496673,robot_2,-2.272,2.228
1776774849,645361069,robot_3,-2.638,0.904
1776774849,645377171,robot_4,-0.216,-2.987
1776774849,645383454,robot_1,-3.901,-2.797
1776774849,645389009,robot_0,1.285,-1.737
1776774849,645394907,robot_2,-2.271,2.229
1776774849,864897490,robot_3,-2.614,0.947
1776774849,864913610,robot_4,-0.216,-2.986
1776774849,864919680,robot_1,-3.902,-2.797
1776774849,864925331,robot_0,1.329,-1.742
1776774849,864930088,robot_2,-2.271,2.229
1776774850,85943549,robot_3,-2.598,0.974
1776774850,85970707,robot_4,-0.216,-2.986
1776774850,85981306,robot_1,-3.902,-2.798
1776774850,85989509,robot_0,1.394,-1.749
1776774850,85997102,robot_2,-2.271,2.229
1776774850,304758210,robot_3,-2.585,0.998
1776774850,304775607,robot_4,-0.216,-2.987
1776774850,304782496,robot_1,-3.902,-2.798
1776774850,304788472,robot_0,1.456,-1.756
1776774850,304793847,robot_2,-2.271,2.229
1776774850,505363707,robot_3,-2.567,1.034
1776774850,505381394,robot_4,-0.216,-2.987
1776774850,505388750,robot_1,-3.902,-2.798
1776774850,505394674,robot_0,1.496,-1.761
1776774850,505400162,robot_2,-2.271,2.229
1776774850,705385169,robot_3,-2.539,1.090
1776774850,705408128,robot_4,-0.216,-2.988
1776774850,705418663,robot_1,-3.902,-2.798
1776774850,705426161,robot_0,1.535,-1.765
1776774850,705434474,robot_2,-2.272,2.229
1776774850,906198432,robot_3,-2.507,1.153
1776774850,906226065,robot_4,-0.216,-2.988
1776774850,906236507,robot_1,-3.902,-2.798
1776774850,906244103,robot_0,1.575,-1.770
1776774850,906252011,robot_2,-2.272,2.229
1776774851,125768093,robot_3,-2.487,1.192
1776774851,125796097,robot_4,-0.216,-2.989
1776774851,125806821,robot_1,-3.902,-2.799
1776774851,125815478,robot_0,1.620,-1.775
1776774851,125823831,robot_2,-2.273,2.229
1776774851,345057998,robot_3,-2.467,1.231
1776774851,345082145,robot_4,-0.216,-2.989
1776774851,345094631,robot_1,-3.902,-2.799
1776774851,345102817,robot_0,1.686,-1.782
1776774851,345110641,robot_2,-2.273,2.229
1776774851,564169225,robot_3,-2.447,1.271
1776774851,564188534,robot_4,-0.217,-2.990
1776774851,564195916,robot_1,-3.902,-2.800
1776774851,564201367,robot_0,1.737,-1.788
1776774851,564206574,robot_2,-2.273,2.229
1776774851,766867910,robot_3,-2.429,1.307
1776774851,766905549,robot_4,-0.217,-2.990
1776774851,766924548,robot_1,-3.902,-2.800
1776774851,766939171,robot_0,1.773,-1.792
1776774851,766953314,robot_2,-2.274,2.230
1776774851,984199420,robot_3,-2.402,1.361
1776774851,984214291,robot_4,-0.217,-2.990
1776774851,984221095,robot_1,-3.901,-2.800
1776774851,984226086,robot_0,1.799,-1.796
1776774851,984231156,robot_2,-2.274,2.230
1776774852,186604788,robot_3,-2.382,1.402
1776774852,186627392,robot_4,-0.218,-2.990
1776774852,186638750,robot_1,-3.901,-2.801
1776774852,186648278,robot_0,1.836,-1.801
1776774852,186657111,robot_2,-2.274,2.230
1776774852,404394000,robot_3,-2.363,1.442
1776774852,404410239,robot_4,-0.218,-2.990
1776774852,404416615,robot_1,-3.901,-2.801
1776774852,404422259,robot_0,1.879,-1.808
1776774852,404427126,robot_2,-2.274,2.230
1776774852,604563870,robot_3,-2.346,1.478
1776774852,604580991,robot_4,-0.217,-2.990
1776774852,604588208,robot_1,-3.900,-2.801
1776774852,604594261,robot_0,1.919,-1.814
1776774852,604598938,robot_2,-2.274,2.230
1776774852,805514487,robot_3,-2.329,1.514
1776774852,805533376,robot_4,-0.217,-2.990
1776774852,805546764,robot_1,-3.900,-2.801
1776774852,805553509,robot_0,1.958,-1.820
1776774852,805559872,robot_2,-2.274,2.230
1776774853,25108141,robot_3,-2.306,1.561
1776774853,25123271,robot_4,-0.217,-2.989
1776774853,25130576,robot_1,-3.899,-2.801
1776774853,25135667,robot_0,2.011,-1.828
1776774853,25148214,robot_2,-2.273,2.230
1776774853,225824396,robot_3,-2.277,1.621
1776774853,225840105,robot_4,-0.216,-2.989
1776774853,225847208,robot_1,-3.899,-2.801
1776774853,225852417,robot_0,2.066,-1.836
1776774853,225857197,robot_2,-2.273,2.229
1776774853,425832705,robot_3,-2.258,1.663
1776774853,425857912,robot_4,-0.216,-2.988
1776774853,425868648,robot_1,-3.899,-2.801
1776774853,425877266,robot_0,2.106,-1.842
1776774853,425885066,robot_2,-2.273,2.229
1776774853,646001092,robot_3,-2.227,1.686
1776774853,646018553,robot_4,-0.216,-2.988
1776774853,646025935,robot_1,-3.898,-2.800
1776774853,646032271,robot_0,2.149,-1.848
1776774853,646038163,robot_2,-2.273,2.248
1776774853,865171595,robot_3,-2.194,1.707
1776774853,865186337,robot_4,-0.216,-2.988
1776774853,865193309,robot_1,-3.898,-2.800
1776774853,865198208,robot_0,2.193,-1.855
1776774853,865202944,robot_2,-2.272,2.265
1776774854,65219920,robot_3,-2.176,1.703
1776774854,65247496,robot_4,-0.216,-2.987
1776774854,65255808,robot_1,-3.898,-2.800
1776774854,65263324,robot_0,2.232,-1.861
1776774854,65272006,robot_2,-2.272,2.254
1776774854,285384297,robot_3,-2.168,1.700
1776774854,285403557,robot_4,-0.216,-2.987
1776774854,285410149,robot_1,-3.897,-2.799
1776774854,285415509,robot_0,2.302,-1.871
1776774854,285420765,robot_2,-2.269,2.235
1776774854,485654149,robot_3,-2.164,1.698
1776774854,485673283,robot_4,-0.217,-2.986
1776774854,485682013,robot_1,-3.897,-2.799
1776774854,485688636,robot_0,2.368,-1.881
1776774854,485695929,robot_2,-2.270,2.236
1776774854,704815815,robot_3,-2.163,1.698
1776774854,704831750,robot_4,-0.217,-2.986
1776774854,704838642,robot_1,-3.897,-2.799
1776774854,704844148,robot_0,2.411,-1.888
1776774854,704849055,robot_2,-2.270,2.237
1776774854,906951868,robot_3,-2.159,1.696
1776774854,906971857,robot_4,-0.217,-2.986
1776774854,906981545,robot_1,-3.898,-2.799
1776774854,906990488,robot_0,2.451,-1.894
1776774854,906997840,robot_2,-2.271,2.248
1776774855,125475939,robot_3,-2.155,1.694
1776774855,125494197,robot_4,-0.218,-2.986
1776774855,125501226,robot_1,-3.898,-2.800
1776774855,125507127,robot_0,2.495,-1.900
1776774855,125512274,robot_2,-2.283,2.268
1776774855,326754096,robot_3,-2.145,1.688
1776774855,326773339,robot_4,-0.218,-2.986
1776774855,326782696,robot_1,-3.898,-2.800
1776774855,326789718,robot_0,2.534,-1.906
1776774855,326797093,robot_2,-2.298,2.282
1776774855,545145741,robot_3,-2.127,1.675
1776774855,545170161,robot_4,-0.214,-2.985
1776774855,545182257,robot_1,-3.899,-2.800
1776774855,545192559,robot_0,2.578,-1.913
1776774855,545203349,robot_2,-2.314,2.293
1776774855,745881065,robot_3,-2.104,1.662
1776774855,745898029,robot_4,-0.213,-2.985
1776774855,745906114,robot_1,-3.899,-2.801
1776774855,745913725,robot_0,2.617,-1.919
1776774855,745920005,robot_2,-2.321,2.297
1776774855,946344680,robot_3,-2.098,1.658
1776774855,946372271,robot_4,-0.213,-2.985
1776774855,946386255,robot_1,-3.900,-2.801
1776774855,946398107,robot_0,2.659,-1.925
1776774855,946408012,robot_2,-2.321,2.297
1776774856,165809153,robot_3,-2.094,1.657
1776774856,165830889,robot_4,-0.213,-2.985
1776774856,165840520,robot_1,-3.900,-2.801
1776774856,165848892,robot_0,2.731,-1.936
1776774856,165856554,robot_2,-2.321,2.297
1776774856,367633847,robot_3,-2.090,1.658
1776774856,367668042,robot_4,-0.213,-2.985
1776774856,367685322,robot_1,-3.901,-2.800
1776774856,367699920,robot_0,2.779,-1.942
1776774856,367712991,robot_2,-2.321,2.297
1776774856,584997735,robot_3,-2.086,1.658
1776774856,585018687,robot_4,-0.212,-2.985
1776774856,585025562,robot_1,-3.901,-2.800
1776774856,585031024,robot_0,2.817,-1.948
1776774856,585035959,robot_2,-2.321,2.296
1776774856,785519232,robot_3,-2.083,1.660
1776774856,785546303,robot_4,-0.212,-2.985
1776774856,785557649,robot_1,-3.901,-2.800
1776774856,785566788,robot_0,2.842,-1.951
1776774856,785574933,robot_2,-2.322,2.296
1776774857,5438689,robot_3,-2.079,1.662
1776774857,5462673,robot_4,-0.212,-2.986
1776774857,5475006,robot_1,-3.901,-2.800
1776774857,5484345,robot_0,2.883,-1.957
1776774857,5494567,robot_2,-2.322,2.296
1776774857,226568177,robot_3,-2.077,1.665
1776774857,226587566,robot_4,-0.211,-2.986
1776774857,226594700,robot_1,-3.900,-2.800
1776774857,226600038,robot_0,2.926,-1.963
1776774857,226605215,robot_2,-2.323,2.296
1776774857,445211984,robot_3,-2.076,1.668
1776774857,445228948,robot_4,-0.211,-2.986
1776774857,445236281,robot_1,-3.900,-2.800
1776774857,445242662,robot_0,2.970,-1.969
1776774857,445249371,robot_2,-2.329,2.296
1776774857,666301046,robot_3,-2.076,1.668
1776774857,666332380,robot_4,-0.211,-2.987
1776774857,666348618,robot_1,-3.900,-2.800
1776774857,666362050,robot_0,3.014,-1.975
1776774857,666389862,robot_2,-2.341,2.296
1776774857,885107573,robot_3,-2.076,1.668
1776774857,885130799,robot_4,-0.210,-2.987
1776774857,885139089,robot_1,-3.899,-2.800
1776774857,885146143,robot_0,3.083,-1.985
1776774857,885152635,robot_2,-2.342,2.297
1776774858,104622317,robot_3,-2.076,1.669
1776774858,104640793,robot_4,-0.210,-2.988
1776774858,104648209,robot_1,-3.899,-2.800
1776774858,104653996,robot_0,3.154,-1.995
1776774858,104659128,robot_2,-2.343,2.297
1776774858,304792770,robot_3,-2.075,1.671
1776774858,304808540,robot_4,-0.229,-2.992
1776774858,304815835,robot_1,-3.899,-2.799
1776774858,304821197,robot_0,3.193,-2.000
1776774858,304833187,robot_2,-2.343,2.297
1776774858,505606508,robot_3,-2.076,1.672
1776774858,505622997,robot_4,-0.265,-3.011
1776774858,505630009,robot_1,-3.898,-2.799
1776774858,505635987,robot_0,3.233,-2.006
1776774858,505641078,robot_2,-2.343,2.297
1776774858,705766699,robot_3,-2.076,1.672
1776774858,705796357,robot_4,-0.301,-3.035
1776774858,705812710,robot_1,-3.898,-2.799
1776774858,705825973,robot_0,3.273,-2.011
1776774858,705835008,robot_2,-2.343,2.297
1776774858,924564666,robot_3,-2.076,1.672
1776774858,924580051,robot_4,-0.320,-3.047
1776774858,924586722,robot_1,-3.898,-2.798
1776774858,924592212,robot_0,3.299,-2.028
1776774858,924596940,robot_2,-2.342,2.297
1776774859,126135140,robot_3,-2.077,1.672
1776774859,126154395,robot_4,-0.320,-3.047
1776774859,126161805,robot_1,-3.898,-2.798
1776774859,126167083,robot_0,3.301,-2.034
1776774859,126173095,robot_2,-2.342,2.297
1776774859,345453568,robot_3,-2.077,1.672
1776774859,345474206,robot_4,-0.320,-3.047
1776774859,345484262,robot_1,-3.898,-2.797
1776774859,345492387,robot_0,3.301,-2.034
1776774859,345499471,robot_2,-2.341,2.297
1776774859,564726734,robot_3,-2.078,1.672
1776774859,564742332,robot_4,-0.320,-3.046
1776774859,564749891,robot_1,-3.898,-2.797
1776774859,564755035,robot_0,3.300,-2.036
1776774859,564760622,robot_2,-2.341,2.297
1776774859,765388488,robot_3,-2.078,1.671
1776774859,765405596,robot_4,-0.321,-3.046
1776774859,765414261,robot_1,-3.899,-2.797
1776774859,765421281,robot_0,3.292,-2.044
1776774859,765426875,robot_2,-2.341,2.297
1776774859,966086627,robot_3,-2.078,1.671
1776774859,966111107,robot_4,-0.321,-3.046
1776774859,966117270,robot_1,-3.899,-2.796
1776774859,966121967,robot_0,3.280,-2.056
1776774859,966126652,robot_2,-2.340,2.297
1776774860,184954167,robot_3,-2.078,1.670
1776774860,184970094,robot_4,-0.300,-3.051
1776774860,184977230,robot_1,-3.899,-2.796
1776774860,184982318,robot_0,3.274,-2.069
1776774860,184987342,robot_2,-2.340,2.298
1776774860,385565271,robot_3,-2.078,1.670
1776774860,385593638,robot_4,-0.283,-3.054
1776774860,385605732,robot_1,-3.900,-2.796
1776774860,385615913,robot_0,3.274,-2.069
1776774860,385626354,robot_2,-2.340,2.298
1776774860,585847063,robot_3,-2.078,1.670
1776774860,585872274,robot_4,-0.280,-3.054
1776774860,585882002,robot_1,-3.909,-2.815
1776774860,585889037,robot_0,3.274,-2.069
1776774860,585896142,robot_2,-2.340,2.299
1776774860,804758670,robot_3,-2.078,1.669
1776774860,804783325,robot_4,-0.281,-3.054
1776774860,804795671,robot_1,-3.928,-2.854
1776774860,804805876,robot_0,3.275,-2.068
1776774860,804814851,robot_2,-2.336,2.292
1776774861,5710897,robot_3,-2.077,1.669
1776774861,5732123,robot_4,-0.281,-3.054
1776774861,5742939,robot_1,-3.947,-2.870
1776774861,5751565,robot_0,3.275,-2.068
1776774861,5759209,robot_2,-2.332,2.290
1776774861,225709881,robot_3,-2.077,1.668
1776774861,225728936,robot_4,-0.281,-3.054
1776774861,225737115,robot_1,-3.951,-2.878
1776774861,225744113,robot_0,3.275,-2.068
1776774861,225750090,robot_2,-2.329,2.292
1776774861,426200293,robot_3,-2.077,1.668
1776774861,426220846,robot_4,-0.282,-3.054
1776774861,426229619,robot_1,-3.951,-2.878
1776774861,426236794,robot_0,3.276,-2.068
1776774861,426243803,robot_2,-2.326,2.294
1776774861,645445044,robot_3,-2.077,1.668
1776774861,645468237,robot_4,-0.282,-3.055
1776774861,645478283,robot_1,-3.949,-2.872
1776774861,645487192,robot_0,3.276,-2.068
1776774861,645493100,robot_2,-2.323,2.297
1776774861,865771438,robot_3,-2.067,1.685
1776774861,865789676,robot_4,-0.282,-3.055
1776774861,865797025,robot_1,-3.944,-2.855
1776774861,865802309,robot_0,3.277,-2.088
1776774861,865807627,robot_2,-2.322,2.299
1776774862,89944783,robot_3,-2.031,1.745
1776774862,89969093,robot_4,-0.282,-3.056
1776774862,89978784,robot_1,-3.941,-2.836
1776774862,89986732,robot_0,3.277,-2.125
1776774862,89996336,robot_2,-2.322,2.300
1776774862,304682263,robot_3,-2.008,1.783
1776774862,304697963,robot_4,-0.282,-3.056
1776774862,304704910,robot_1,-3.941,-2.817
1776774862,304710043,robot_0,3.277,-2.169
1776774862,304715524,robot_2,-2.328,2.289
1776774862,506409905,robot_3,-1.984,1.824
1776774862,506435536,robot_4,-0.282,-3.056
1776774862,506446774,robot_1,-3.944,-2.799
1776774862,506455531,robot_0,3.278,-2.209
1776774862,506463916,robot_2,-2.346,2.253
1776774862,726012639,robot_3,-1.958,1.869
1776774862,726030985,robot_4,-0.282,-3.057
1776774862,726037522,robot_1,-3.949,-2.787
1776774862,726042692,robot_0,3.278,-2.253
1776774862,726047924,robot_2,-2.365,2.214
1776774862,946093710,robot_3,-1.936,1.907
1776774862,946120365,robot_4,-0.282,-3.057
1776774862,946129890,robot_1,-3.946,-2.785
1776774862,946137761,robot_0,3.278,-2.297
1776774862,946145356,robot_2,-2.380,2.183
1776774863,164802861,robot_3,-1.914,1.945
1776774863,164821068,robot_4,-0.282,-3.057
1776774863,164827293,robot_1,-3.942,-2.784
1776774863,164832181,robot_0,3.279,-2.341
1776774863,164837045,robot_2,-2.394,2.157
1776774863,364951811,robot_3,-1.893,1.979
1776774863,364969138,robot_4,-0.281,-3.058
1776774863,364976025,robot_1,-3.939,-2.785
1776774863,364981572,robot_0,3.279,-2.381
1776774863,364986932,robot_2,-2.412,2.121
1776774863,586934803,robot_3,-1.871,2.018
1776774863,586965788,robot_4,-0.281,-3.058
1776774863,586972616,robot_1,-3.938,-2.785
1776774863,586979143,robot_0,3.279,-2.429
1776774863,586985886,robot_2,-2.429,2.087
1776774863,805587061,robot_3,-1.846,2.061
1776774863,805614567,robot_4,-0.281,-3.058
1776774863,805625715,robot_1,-3.939,-2.785
1776774863,805636023,robot_0,3.280,-2.487
1776774863,805646260,robot_2,-2.449,2.052
1776774864,5702969,robot_3,-1.837,2.077
1776774864,5723014,robot_4,-0.280,-3.058
1776774864,5731576,robot_1,-3.941,-2.785
1776774864,5738241,robot_0,3.280,-2.527
1776774864,5744678,robot_2,-2.469,2.018
1776774864,225391051,robot_3,-1.837,2.077
1776774864,225415852,robot_4,-0.280,-3.058
1776774864,225427276,robot_1,-3.945,-2.785
1776774864,225436109,robot_0,3.281,-2.571
1776774864,225444728,robot_2,-2.508,1.956
1776774864,427036254,robot_3,-1.837,2.077
1776774864,427063672,robot_4,-0.279,-3.058
1776774864,427075827,robot_1,-3.948,-2.785
1776774864,427086352,robot_0,3.281,-2.611
1776774864,427095958,robot_2,-2.538,1.906
1776774864,645255348,robot_3,-1.838,2.077
1776774864,645273744,robot_4,-0.279,-3.058
1776774864,645281418,robot_1,-3.952,-2.787
1776774864,645287393,robot_0,3.281,-2.655
1776774864,645293492,robot_2,-2.562,1.869
1776774864,865153998,robot_3,-1.838,2.078
1776774864,865171535,robot_4,-0.279,-3.058
1776774864,865178445,robot_1,-3.955,-2.789
1776774864,865184028,robot_0,3.282,-2.685
1776774864,865189342,robot_2,-2.585,1.831
1776774865,65355028,robot_3,-1.838,2.078
1776774865,65379150,robot_4,-0.279,-3.058
1776774865,65391671,robot_1,-3.957,-2.791
1776774865,65400892,robot_0,3.282,-2.709
1776774865,65409919,robot_2,-2.606,1.797
1776774865,265701686,robot_3,-1.838,2.079
1776774865,265717476,robot_4,-0.278,-3.058
1776774865,265724458,robot_1,-3.959,-2.794
1776774865,265729789,robot_0,3.282,-2.749
1776774865,265734755,robot_2,-2.627,1.763
1776774865,485411431,robot_3,-1.838,2.079
1776774865,485426808,robot_4,-0.278,-3.057
1776774865,485433602,robot_1,-3.960,-2.797
1776774865,485438439,robot_0,3.283,-2.802
1776774865,485443354,robot_2,-2.650,1.726
1776774865,704354961,robot_3,-1.838,2.080
1776774865,704370858,robot_4,-0.278,-3.057
1776774865,704377225,robot_1,-3.963,-2.797
1776774865,704382242,robot_0,3.283,-2.852
1776774865,704387592,robot_2,-2.673,1.688
1776774865,904974658,robot_3,-1.837,2.080
1776774865,904995418,robot_4,-0.278,-3.057
1776774865,905005442,robot_1,-3.957,-2.787
1776774865,905013613,robot_0,3.283,-2.892
1776774865,905021334,robot_2,-2.691,1.659
1776774866,106140923,robot_3,-1.837,2.080
1776774866,106159322,robot_4,-0.277,-3.056
1776774866,106165461,robot_1,-3.948,-2.788
1776774866,106171959,robot_0,3.284,-2.932
1776774866,106177705,robot_2,-2.705,1.635
1776774866,324244974,robot_3,-1.837,2.080
1776774866,324260575,robot_4,-0.277,-3.056
1776774866,324267109,robot_1,-3.947,-2.791
1776774866,324272362,robot_0,3.284,-2.959
1776774866,324278005,robot_2,-2.726,1.597
1776774866,525132616,robot_3,-1.837,2.080
1776774866,525150268,robot_4,-0.278,-3.055
1776774866,525158602,robot_1,-3.945,-2.794
1776774866,525165331,robot_0,3.284,-2.959
1776774866,525171545,robot_2,-2.738,1.575
1776774866,725921216,robot_3,-1.837,2.081
1776774866,725942808,robot_4,-0.278,-3.055
1776774866,725951856,robot_1,-3.943,-2.796
1776774866,725958883,robot_0,3.284,-2.959
1776774866,725966480,robot_2,-2.738,1.575
1776774866,945051921,robot_3,-1.837,2.081
1776774866,945073123,robot_4,-0.278,-3.055
1776774866,945083053,robot_1,-3.941,-2.798
1776774866,945091374,robot_0,3.283,-2.959
1776774866,945099025,robot_2,-2.739,1.575
1776774867,145693261,robot_3,-1.836,2.081
1776774867,145721859,robot_4,-0.278,-3.054
1776774867,145734459,robot_1,-3.939,-2.798
1776774867,145744746,robot_0,3.283,-2.960
1776774867,145754289,robot_2,-2.739,1.575
1776774867,364670606,robot_3,-1.836,2.081
1776774867,364688696,robot_4,-0.279,-3.054
1776774867,364695648,robot_1,-3.939,-2.799
1776774867,364701734,robot_0,3.282,-2.960
1776774867,364706969,robot_2,-2.739,1.575
1776774867,566638269,robot_3,-1.835,2.081
1776774867,566669818,robot_4,-0.279,-3.054
1776774867,566684726,robot_1,-3.939,-2.799
1776774867,566696028,robot_0,3.282,-2.960
1776774867,566707102,robot_2,-2.740,1.575
1776774867,785789936,robot_3,-1.835,2.081
1776774867,785808875,robot_4,-0.279,-3.054
1776774867,785817625,robot_1,-3.939,-2.799
1776774867,785825090,robot_0,3.282,-2.961
1776774867,785831822,robot_2,-2.740,1.575
1776774867,986443150,robot_3,-1.834,2.081
1776774867,986475147,robot_4,-0.280,-3.054
1776774867,986487109,robot_1,-3.938,-2.798
1776774867,986496287,robot_0,3.282,-2.961
1776774867,986504599,robot_2,-2.741,1.575
1776774868,205667039,robot_3,-1.834,2.081
1776774868,205685835,robot_4,-0.280,-3.054
1776774868,205692842,robot_1,-3.938,-2.798
1776774868,205698206,robot_0,3.282,-2.962
1776774868,205703543,robot_2,-2.741,1.574
1776774868,425894438,robot_3,-1.834,2.081
1776774868,425916746,robot_4,-0.280,-3.054
1776774868,425926476,robot_1,-3.938,-2.797
1776774868,425933781,robot_0,3.282,-2.962
1776774868,425941054,robot_2,-2.741,1.574
1776774868,625957953,robot_3,-1.834,2.081
1776774868,625976477,robot_4,-0.280,-3.054
1776774868,625983237,robot_1,-3.938,-2.797
1776774868,625988216,robot_0,3.282,-2.962
1776774868,625993464,robot_2,-2.741,1.574
1776774868,826333320,robot_3,-1.834,2.081
1776774868,826358681,robot_4,-0.280,-3.054
1776774868,826369461,robot_1,-3.931,-2.793
1776774868,826378755,robot_0,3.282,-2.962
1776774868,826387547,robot_2,-2.741,1.574
1776774869,45433078,robot_3,-1.834,2.081
1776774869,45454140,robot_4,-0.280,-3.054
1776774869,45464964,robot_1,-3.930,-2.793
1776774869,45473288,robot_0,3.282,-2.963
1776774869,45482703,robot_2,-2.741,1.574
1776774869,246295288,robot_3,-1.835,2.081
1776774869,246316045,robot_4,-0.279,-3.054
1776774869,246325264,robot_1,-3.929,-2.793
1776774869,246332923,robot_0,3.282,-2.963
1776774869,246339457,robot_2,-2.741,1.573
1776774869,465587170,robot_3,-1.835,2.081
1776774869,465612043,robot_4,-0.279,-3.054
1776774869,465625513,robot_1,-3.929,-2.793
1776774869,465635970,robot_0,3.283,-2.963
1776774869,465646690,robot_2,-2.741,1.573
1776774869,684627025,robot_3,-1.836,2.081
1776774869,684644963,robot_4,-0.278,-3.055
1776774869,684652646,robot_1,-3.929,-2.793
1776774869,684659438,robot_0,3.283,-2.964
1776774869,684666070,robot_2,-2.741,1.572
1776774869,905336658,robot_3,-1.836,2.081
1776774869,905364652,robot_4,-0.278,-3.055
1776774869,905378759,robot_1,-3.929,-2.793
1776774869,905391986,robot_0,3.284,-2.964
1776774869,905403482,robot_2,-2.741,1.572
1776774870,125278281,robot_3,-1.836,2.080
1776774870,125298895,robot_4,-0.278,-3.055
1776774870,125306142,robot_1,-3.929,-2.793
1776774870,125311808,robot_0,3.284,-2.964
1776774870,125317568,robot_2,-2.741,1.572
1776774870,326152697,robot_3,-1.837,2.080
1776774870,326170216,robot_4,-0.278,-3.056
1776774870,326178189,robot_1,-3.930,-2.793
1776774870,326184454,robot_0,3.284,-2.964
1776774870,326190421,robot_2,-2.740,1.571
1776774870,526339446,robot_3,-1.837,2.080
1776774870,526359786,robot_4,-0.278,-3.056
1776774870,526368724,robot_1,-3.930,-2.793
1776774870,526376443,robot_0,3.285,-2.964
1776774870,526383631,robot_2,-2.740,1.571
1776774870,745320921,robot_3,-1.837,2.079
1776774870,745344530,robot_4,-0.285,-3.057
1776774870,745355993,robot_1,-3.930,-2.793
1776774870,745364766,robot_0,3.285,-2.964
1776774870,745373523,robot_2,-2.740,1.571
1776774870,945422024,robot_3,-1.837,2.079
1776774870,945437054,robot_4,-0.323,-3.081
1776774870,945443706,robot_1,-3.931,-2.794
1776774870,945448487,robot_0,3.286,-2.964
1776774870,945453369,robot_2,-2.739,1.571
1776774871,145804867,robot_3,-1.837,2.078
1776774871,145821552,robot_4,-0.363,-3.107
1776774871,145828346,robot_1,-3.931,-2.794
1776774871,145833994,robot_0,3.286,-2.963
1776774871,145839036,robot_2,-2.739,1.571
1776774871,366128881,robot_3,-1.837,2.078
1776774871,366150628,robot_4,-0.396,-3.126
1776774871,366158402,robot_1,-3.931,-2.794
1776774871,366165435,robot_0,3.286,-2.963
1776774871,366171597,robot_2,-2.738,1.571
1776774871,586179250,robot_3,-1.837,2.078
1776774871,586200901,robot_4,-0.397,-3.140
1776774871,586208287,robot_1,-3.931,-2.795
1776774871,586213521,robot_0,3.287,-2.962
1776774871,586218121,robot_2,-2.738,1.571
1776774871,805848908,robot_3,-1.836,2.077
1776774871,805877327,robot_4,-0.398,-3.146
1776774871,805892445,robot_1,-3.931,-2.795
1776774871,805903381,robot_0,3.287,-2.962
1776774871,805913957,robot_2,-2.737,1.571
1776774872,6384264,robot_3,-1.836,2.077
1776774872,6419865,robot_4,-0.398,-3.146
1776774872,6440069,robot_1,-3.931,-2.795
1776774872,6457379,robot_0,3.287,-2.962
1776774872,6473533,robot_2,-2.737,1.572
1776774872,225375091,robot_3,-1.836,2.077
1776774872,225395450,robot_4,-0.398,-3.147
1776774872,225402648,robot_1,-3.932,-2.785
1776774872,225408973,robot_0,3.287,-2.961
1776774872,225414851,robot_2,-2.737,1.572
1776774872,444443023,robot_3,-1.836,2.077
1776774872,444458161,robot_4,-0.399,-3.147
1776774872,444464650,robot_1,-3.933,-2.779
1776774872,444469639,robot_0,3.287,-2.961
1776774872,444474769,robot_2,-2.737,1.572
1776774872,645133569,robot_3,-1.836,2.077
1776774872,645148980,robot_4,-0.399,-3.148
1776774872,645155940,robot_1,-3.931,-2.776
1776774872,645161217,robot_0,3.287,-2.961
1776774872,645166352,robot_2,-2.737,1.572
1776774872,864533171,robot_3,-1.835,2.076
1776774872,864555679,robot_4,-0.400,-3.148
1776774872,864562333,robot_1,-3.929,-2.772
1776774872,864567492,robot_0,3.287,-2.962
1776774872,864572997,robot_2,-2.737,1.572
1776774873,65114301,robot_3,-1.835,2.076
1776774873,65138812,robot_4,-0.400,-3.148
1776774873,65150010,robot_1,-3.927,-2.769
1776774873,65159493,robot_0,3.286,-2.962
1776774873,65168503,robot_2,-2.737,1.572
1776774873,266912301,robot_3,-1.834,2.076
1776774873,266936491,robot_4,-0.401,-3.148
1776774873,266944544,robot_1,-3.927,-2.767
1776774873,266950572,robot_0,3.286,-2.963
1776774873,266956264,robot_2,-2.738,1.571
1776774873,485719374,robot_3,-1.834,2.077
1776774873,485741015,robot_4,-0.401,-3.148
1776774873,485753012,robot_1,-3.927,-2.767
1776774873,485759319,robot_0,3.286,-2.963
1776774873,485765033,robot_2,-2.738,1.571
1776774873,706244205,robot_3,-1.833,2.077
1776774873,706262353,robot_4,-0.401,-3.148
1776774873,706269886,robot_1,-3.927,-2.767
1776774873,706275334,robot_0,3.285,-2.963
1776774873,706281482,robot_2,-2.739,1.571
1776774873,926053655,robot_3,-1.833,2.077
1776774873,926085083,robot_4,-0.400,-3.148
1776774873,926097401,robot_1,-3.927,-2.763
1776774873,926107491,robot_0,3.285,-2.964
1776774873,926116868,robot_2,-2.739,1.571
1776774874,144435544,robot_3,-1.833,2.077
1776774874,144452268,robot_4,-0.400,-3.148
1776774874,144459072,robot_1,-3.927,-2.759
1776774874,144464368,robot_0,3.284,-2.964
1776774874,144469635,robot_2,-2.740,1.571
1776774874,364262705,robot_3,-1.833,2.078
1776774874,364283007,robot_4,-0.400,-3.147
1776774874,364289824,robot_1,-3.928,-2.755
1776774874,364295266,robot_0,3.284,-2.964
1776774874,364301219,robot_2,-2.740,1.571
1776774874,564522118,robot_3,-1.833,2.078
1776774874,564541781,robot_4,-0.399,-3.147
1776774874,564548537,robot_1,-3.930,-2.752
1776774874,564553455,robot_0,3.284,-2.964
1776774874,564558430,robot_2,-2.740,1.572
1776774874,766375890,robot_3,-1.833,2.078
1776774874,766403389,robot_4,-0.399,-3.147
1776774874,766411442,robot_1,-3.932,-2.750
1776774874,766417694,robot_0,3.284,-2.959
1776774874,766423224,robot_2,-2.741,1.572
1776774874,984698034,robot_3,-1.833,2.077
1776774874,984712339,robot_4,-0.399,-3.146
1776774874,984718607,robot_1,-3.935,-2.747
1776774874,984723527,robot_0,3.290,-2.900
1776774874,984728394,robot_2,-2.740,1.572
1776774875,204524341,robot_3,-1.833,2.077
1776774875,204548905,robot_4,-0.399,-3.146
1776774875,204555706,robot_1,-3.938,-2.746
1776774875,204561213,robot_0,3.296,-2.854
1776774875,204566649,robot_2,-2.740,1.571
1776774875,405487758,robot_3,-1.834,2.077
1776774875,405510970,robot_4,-0.399,-3.146
1776774875,405520909,robot_1,-3.941,-2.745
1776774875,405529418,robot_0,3.302,-2.814
1776774875,405540655,robot_2,-2.740,1.571
1776774875,624835012,robot_3,-1.834,2.077
1776774875,624854274,robot_4,-0.399,-3.145
1776774875,624861064,robot_1,-3.944,-2.745
1776774875,624866358,robot_0,3.309,-2.771
1776774875,624871165,robot_2,-2.739,1.571
1776774875,825813513,robot_3,-1.834,2.077
1776774875,825833733,robot_4,-0.399,-3.145
1776774875,825842652,robot_1,-3.946,-2.745
1776774875,825849940,robot_0,3.315,-2.731
1776774875,825856814,robot_2,-2.739,1.572
1776774876,26389914,robot_3,-1.835,2.077
1776774876,26416830,robot_4,-0.399,-3.144
1776774876,26432187,robot_1,-3.948,-2.746
1776774876,26444541,robot_0,3.321,-2.691
1776774876,26456278,robot_2,-2.738,1.572
1776774876,245582262,robot_3,-1.835,2.077
1776774876,245604997,robot_4,-0.399,-3.144
1776774876,245614989,robot_1,-3.950,-2.746
1776774876,245624154,robot_0,3.327,-2.650
1776774876,245632308,robot_2,-2.738,1.572
1776774876,466040987,robot_3,-1.836,2.077
1776774876,466058516,robot_4,-0.400,-3.144
1776774876,466066129,robot_1,-3.951,-2.747
1776774876,466072198,robot_0,3.327,-2.649
1776774876,466078227,robot_2,-2.738,1.572
1776774876,685405171,robot_3,-1.836,2.077
1776774876,685423950,robot_4,-0.400,-3.143
1776774876,685432777,robot_1,-3.951,-2.747
1776774876,685439424,robot_0,3.327,-2.649
1776774876,685445988,robot_2,-2.737,1.573
1776774876,885868013,robot_3,-1.836,2.077
1776774876,885894185,robot_4,-0.400,-3.143
1776774876,885907166,robot_1,-3.952,-2.747
1776774876,885917166,robot_0,3.327,-2.649
1776774876,885927138,robot_2,-2.737,1.573
1776774877,87562467,robot_3,-1.836,2.077
1776774877,87592948,robot_4,-0.396,-3.144
1776774877,87605413,robot_1,-3.952,-2.747
1776774877,87615105,robot_0,3.327,-2.649
1776774877,87624211,robot_2,-2.737,1.573
1776774877,304340800,robot_3,-1.836,2.077
1776774877,304356901,robot_4,-0.396,-3.144
1776774877,304364093,robot_1,-3.952,-2.747
1776774877,304369790,robot_0,3.327,-2.649
1776774877,304375256,robot_2,-2.737,1.574
1776774877,524380659,robot_3,-1.836,2.077
1776774877,524396476,robot_4,-0.398,-3.161
1776774877,524403140,robot_1,-3.952,-2.747
1776774877,524407870,robot_0,3.326,-2.648
1776774877,524412969,robot_2,-2.737,1.574
1776774877,744551070,robot_3,-1.835,2.077
1776774877,744566905,robot_4,-0.402,-3.193
1776774877,744573577,robot_1,-3.952,-2.747
1776774877,744578951,robot_0,3.326,-2.648
1776774877,744584304,robot_2,-2.737,1.575
1776774877,945424727,robot_3,-1.835,2.077
1776774877,945447752,robot_4,-0.407,-3.233
1776774877,945458066,robot_1,-3.952,-2.747
1776774877,945466112,robot_0,3.326,-2.647
1776774877,945473607,robot_2,-2.738,1.575
1776774878,165870094,robot_3,-1.835,2.077
1776774878,165902659,robot_4,-0.413,-3.279
1776774878,165918273,robot_1,-3.951,-2.747
1776774878,165932078,robot_0,3.325,-2.647
1776774878,165945012,robot_2,-2.738,1.576
1776774878,366575846,robot_3,-1.834,2.077
1776774878,366598417,robot_4,-0.419,-3.319
1776774878,366605803,robot_1,-3.951,-2.747
1776774878,366612259,robot_0,3.325,-2.646
1776774878,366618454,robot_2,-2.738,1.576
1776774878,585889042,robot_3,-1.834,2.078
1776774878,585915496,robot_4,-0.424,-3.363
1776774878,585925584,robot_1,-3.951,-2.747
1776774878,585933523,robot_0,3.325,-2.646
1776774878,585941544,robot_2,-2.738,1.576
1776774878,804357798,robot_3,-1.833,2.078
1776774878,804375770,robot_4,-0.431,-3.415
1776774878,804382598,robot_1,-3.950,-2.748
1776774878,804387684,robot_0,3.326,-2.646
1776774878,804392793,robot_2,-2.738,1.575
1776774879,6522942,robot_3,-1.833,2.078
1776774879,6549629,robot_4,-0.436,-3.457
1776774879,6557831,robot_1,-3.950,-2.748
1776774879,6564537,robot_0,3.326,-2.646
1776774879,6570790,robot_2,-2.738,1.575
1776774879,225725196,robot_3,-1.833,2.079
1776774879,225747460,robot_4,-0.442,-3.503
1776774879,225754704,robot_1,-3.950,-2.749
1776774879,225760175,robot_0,3.326,-2.646
1776774879,225766279,robot_2,-2.738,1.575
1776774879,425787620,robot_3,-1.833,2.079
1776774879,425805776,robot_4,-0.448,-3.549
1776774879,425812138,robot_1,-3.950,-2.749
1776774879,425817858,robot_0,3.326,-2.646
1776774879,425823243,robot_2,-2.737,1.574
1776774879,644263144,robot_3,-1.833,2.079
1776774879,644280361,robot_4,-0.451,-3.595
1776774879,644287108,robot_1,-3.950,-2.749
1776774879,644292214,robot_0,3.326,-2.647
1776774879,644297386,robot_2,-2.738,1.574
1776774879,844660314,robot_3,-1.833,2.080
1776774879,844675382,robot_4,-0.453,-3.635
1776774879,844682048,robot_1,-3.950,-2.749
1776774879,844687049,robot_0,3.326,-2.647
1776774879,844692060,robot_2,-2.738,1.573
1776774880,45497938,robot_3,-1.833,2.080
1776774880,45515487,robot_4,-0.455,-3.675
1776774880,45522587,robot_1,-3.950,-2.749
1776774880,45528407,robot_0,3.326,-2.647
1776774880,45534281,robot_2,-2.738,1.573
1776774880,264578772,robot_3,-1.833,2.081
1776774880,264595010,robot_4,-0.458,-3.719
1776774880,264601124,robot_1,-3.950,-2.749
1776774880,264607910,robot_0,3.326,-2.648
1776774880,264613569,robot_2,-2.738,1.572
1776774880,466038030,robot_3,-1.834,2.081
1776774880,466067396,robot_4,-0.460,-3.752
1776774880,466082128,robot_1,-3.950,-2.749
1776774880,466093981,robot_0,3.327,-2.648
1776774880,466106227,robot_2,-2.738,1.572
1776774880,686148173,robot_3,-1.834,2.081
1776774880,686170937,robot_4,-0.461,-3.779
1776774880,686181942,robot_1,-3.950,-2.748
1776774880,686190353,robot_0,3.327,-2.648
1776774880,686198397,robot_2,-2.738,1.572
1776774880,906257932,robot_3,-1.834,2.081
1776774880,906280832,robot_4,-0.464,-3.822
1776774880,906291708,robot_1,-3.951,-2.748
1776774880,906300126,robot_0,3.328,-2.648
1776774880,906308995,robot_2,-2.738,1.572
1776774881,125863665,robot_3,-1.834,2.081
1776774881,125888233,robot_4,-0.467,-3.881
1776774881,125898800,robot_1,-3.951,-2.748
1776774881,125907124,robot_0,3.328,-2.648
1776774881,125914494,robot_2,-2.738,1.572
1776774881,345439194,robot_3,-1.833,2.081
1776774881,345460817,robot_4,-0.471,-3.944
1776774881,345471465,robot_1,-3.951,-2.748
1776774881,345480527,robot_0,3.329,-2.648
1776774881,345489712,robot_2,-2.738,1.572
1776774881,545703532,robot_3,-1.833,2.080
1776774881,545732537,robot_4,-0.473,-3.984
1776774881,545746522,robot_1,-3.952,-2.747
1776774881,545757297,robot_0,3.329,-2.648
1776774881,545769016,robot_2,-2.738,1.573
1776774881,765819544,robot_3,-1.833,2.080
1776774881,765853304,robot_4,-0.475,-4.028
1776774881,765889527,robot_1,-3.952,-2.747
1776774881,765904115,robot_0,3.329,-2.648
1776774881,765917992,robot_2,-2.738,1.573
1776774881,966563044,robot_3,-1.833,2.079
1776774881,966585906,robot_4,-0.478,-4.068
1776774881,966597132,robot_1,-3.953,-2.747
1776774881,966605150,robot_0,3.330,-2.647
1776774881,966613558,robot_2,-2.738,1.574
1776774882,184404187,robot_3,-1.833,2.079
1776774882,184420890,robot_4,-0.480,-4.112
1776774882,184427167,robot_1,-3.953,-2.748
1776774882,184432128,robot_0,3.330,-2.647
1776774882,184437346,robot_2,-2.738,1.574
1776774882,385870842,robot_3,-1.833,2.078
1776774882,385896601,robot_4,-0.482,-4.152
1776774882,385908849,robot_1,-3.953,-2.748
1776774882,385918959,robot_0,3.330,-2.647
1776774882,385928159,robot_2,-2.738,1.575
1776774882,588097052,robot_3,-1.834,2.078
1776774882,588120584,robot_4,-0.485,-4.192
1776774882,588129289,robot_1,-3.954,-2.748
1776774882,588136590,robot_0,3.330,-2.646
1776774882,588143676,robot_2,-2.739,1.575
1776774882,805359924,robot_3,-1.834,2.078
1776774882,805381041,robot_4,-0.487,-4.236
1776774882,805390835,robot_1,-3.954,-2.748
1776774882,805397986,robot_0,3.330,-2.646
1776774882,805405913,robot_2,-2.739,1.575
1776774883,25446841,robot_3,-1.841,2.084
1776774883,25465114,robot_4,-0.489,-4.279
1776774883,25471627,robot_1,-3.954,-2.749
1776774883,25476406,robot_0,3.330,-2.646
1776774883,25482044,robot_2,-2.739,1.575
1776774883,245227483,robot_3,-1.873,2.116
1776774883,245250090,robot_4,-0.492,-4.323
1776774883,245260861,robot_1,-3.954,-2.749
1776774883,245268834,robot_0,3.330,-2.647
1776774883,245277166,robot_2,-2.740,1.576
1776774883,445534034,robot_3,-1.901,2.144
1776774883,445559252,robot_4,-0.494,-4.363
1776774883,445568706,robot_1,-3.954,-2.750
1776774883,445575738,robot_0,3.330,-2.647
1776774883,445582918,robot_2,-2.740,1.576
1776774883,664611359,robot_3,-1.942,2.185
1776774883,664629388,robot_4,-0.497,-4.407
1776774883,664636212,robot_1,-3.954,-2.750
1776774883,664641377,robot_0,3.329,-2.648
1776774883,664646142,robot_2,-2.741,1.576
1776774883,865085637,robot_3,-1.990,2.233
1776774883,865111351,robot_4,-0.497,-4.416
1776774883,865121954,robot_1,-3.954,-2.750
1776774883,865130286,robot_0,3.329,-2.648
1776774883,865137660,robot_2,-2.741,1.576
1776774884,65404939,robot_3,-2.006,2.231
1776774884,65425431,robot_4,-0.497,-4.417
1776774884,65434095,robot_1,-3.954,-2.750
1776774884,65440966,robot_0,3.328,-2.648
1776774884,65447180,robot_2,-2.741,1.575
1776774884,265703716,robot_3,-2.007,2.231
1776774884,265726658,robot_4,-0.496,-4.417
1776774884,265737171,robot_1,-3.954,-2.750
1776774884,265744905,robot_0,3.328,-2.648
1776774884,265751757,robot_2,-2.742,1.575
1776774884,484885622,robot_3,-2.007,2.230
1776774884,484911155,robot_4,-0.496,-4.417
1776774884,484918865,robot_1,-3.954,-2.750
1776774884,484925901,robot_0,3.327,-2.648
1776774884,484931574,robot_2,-2.742,1.575
1776774884,685544047,robot_3,-2.005,2.228
1776774884,685572147,robot_4,-0.496,-4.417
1776774884,685584119,robot_1,-3.954,-2.751
1776774884,685590461,robot_0,3.327,-2.648
1776774884,685596878,robot_2,-2.738,1.570
1776774884,904248332,robot_3,-2.003,2.224
1776774884,904266597,robot_4,-0.495,-4.418
1776774884,904273941,robot_1,-3.954,-2.751
1776774884,904279772,robot_0,3.327,-2.648
1776774884,904285808,robot_2,-2.710,1.535
1776774885,104832522,robot_3,-2.003,2.220
1776774885,104850978,robot_4,-0.495,-4.418
1776774885,104857752,robot_1,-3.954,-2.752
1776774885,104863469,robot_0,3.341,-2.612
1776774885,104868304,robot_2,-2.685,1.504
1776774885,305616582,robot_3,-2.003,2.217
1776774885,305642068,robot_4,-0.495,-4.419
1776774885,305653260,robot_1,-3.953,-2.752
1776774885,305663142,robot_0,3.359,-2.570
1776774885,305672351,robot_2,-2.660,1.473
1776774885,505621517,robot_3,-2.004,2.213
1776774885,505642445,robot_4,-0.495,-4.419
1776774885,505650773,robot_1,-3.953,-2.752
1776774885,505657997,robot_0,3.374,-2.533
1776774885,505663952,robot_2,-2.635,1.442
1776774885,725628989,robot_3,-2.009,2.208
1776774885,725651978,robot_4,-0.495,-4.419
1776774885,725662996,robot_1,-3.952,-2.752
1776774885,725670762,robot_0,3.391,-2.492
1776774885,725678188,robot_2,-2.607,1.407
1776774885,925856634,robot_3,-2.019,2.193
1776774885,925874647,robot_4,-0.495,-4.420
1776774885,925881543,robot_1,-3.952,-2.752
1776774885,925886748,robot_0,3.406,-2.455
1776774885,925891719,robot_2,-2.582,1.376
1776774886,144634470,robot_3,-2.022,2.188
1776774886,144653283,robot_4,-0.495,-4.420
1776774886,144661092,robot_1,-3.952,-2.752
1776774886,144666690,robot_0,3.424,-2.412
1776774886,144671518,robot_2,-2.554,1.342
1776774886,345995734,robot_3,-2.022,2.189
1776774886,346024619,robot_4,-0.495,-4.419
1776774886,346039086,robot_1,-3.952,-2.752
1776774886,346051318,robot_0,3.437,-2.356
1776774886,346062178,robot_2,-2.529,1.311
1776774886,565966418,robot_3,-2.022,2.189
1776774886,565999374,robot_4,-0.495,-4.419
1776774886,566014643,robot_1,-3.952,-2.752
1776774886,566026917,robot_0,3.426,-2.324
1776774886,566038328,robot_2,-2.507,1.283
1776774886,784100591,robot_3,-2.022,2.189
1776774886,784116053,robot_4,-0.495,-4.418
1776774886,784122639,robot_1,-3.951,-2.752
1776774886,784127472,robot_0,3.425,-2.323
1776774886,784132467,robot_2,-2.484,1.256
1776774886,985030107,robot_3,-2.022,2.189
1776774886,985046303,robot_4,-0.496,-4.418
1776774886,985053022,robot_1,-3.951,-2.752
1776774886,985058454,robot_0,3.425,-2.323
1776774886,985063298,robot_2,-2.458,1.226
1776774887,185131933,robot_3,-2.022,2.188
1776774887,185152623,robot_4,-0.496,-4.418
1776774887,185162169,robot_1,-3.951,-2.752
1776774887,185168890,robot_0,3.424,-2.323
1776774887,185175633,robot_2,-2.436,1.200
1776774887,405953344,robot_3,-2.022,2.188
1776774887,405988788,robot_4,-0.496,-4.418
1776774887,406007088,robot_1,-3.950,-2.751
1776774887,406022769,robot_0,3.424,-2.323
1776774887,406037337,robot_2,-2.409,1.169
1776774887,605963011,robot_3,-2.021,2.187
1776774887,605990085,robot_4,-0.497,-4.417
1776774887,606002097,robot_1,-3.950,-2.751
1776774887,606012110,robot_0,3.424,-2.322
1776774887,606021419,robot_2,-2.383,1.139
1776774887,826417028,robot_3,-2.021,2.187
1776774887,826444148,robot_4,-0.497,-4.417
1776774887,826458177,robot_1,-3.950,-2.750
1776774887,826469263,robot_0,3.423,-2.321
1776774887,826479702,robot_2,-2.355,1.105
1776774888,45191620,robot_3,-2.020,2.187
1776774888,45215583,robot_4,-0.498,-4.417
1776774888,45223783,robot_1,-3.950,-2.750
1776774888,45231156,robot_0,3.412,-2.334
1776774888,45237724,robot_2,-2.326,1.072
1776774888,245632063,robot_3,-2.020,2.187
1776774888,245656837,robot_4,-0.498,-4.417
1776774888,245669026,robot_1,-3.950,-2.750
1776774888,245678159,robot_0,3.411,-2.344
1776774888,245687090,robot_2,-2.298,1.040
1776774888,464696310,robot_3,-2.020,2.188
1776774888,464712464,robot_4,-0.498,-4.418
1776774888,464719156,robot_1,-3.950,-2.749
1776774888,464724994,robot_0,3.411,-2.344
1776774888,464730055,robot_2,-2.257,0.992
1776774888,665476979,robot_3,-2.019,2.188
1776774888,665500776,robot_4,-0.499,-4.418
1776774888,665511296,robot_1,-3.950,-2.749
1776774888,665519994,robot_0,3.412,-2.344
1776774888,665526988,robot_2,-2.226,0.958
1776774888,865501621,robot_3,-2.019,2.188
1776774888,865533261,robot_4,-0.499,-4.418
1776774888,865551006,robot_1,-3.950,-2.749
1776774888,865563748,robot_0,3.412,-2.343
1776774888,865575325,robot_2,-2.200,0.928
1776774889,66065906,robot_3,-2.019,2.189
1776774889,66090676,robot_4,-0.499,-4.418
1776774889,66098091,robot_1,-3.950,-2.749
1776774889,66103807,robot_0,3.412,-2.343
1776774889,66109381,robot_2,-2.173,0.898
1776774889,284929652,robot_3,-2.019,2.189
1776774889,284947852,robot_4,-0.500,-4.419
1776774889,284954799,robot_1,-3.950,-2.748
1776774889,284960674,robot_0,3.412,-2.344
1776774889,284966244,robot_2,-2.144,0.866
1776774889,485160300,robot_3,-2.019,2.190
1776774889,485189247,robot_4,-0.500,-4.419
1776774889,485202290,robot_1,-3.951,-2.748
1776774889,485212671,robot_0,3.411,-2.344
1776774889,485222408,robot_2,-2.117,0.836
1776774889,705838713,robot_3,-2.019,2.190
1776774889,705860575,robot_4,-0.500,-4.419
1776774889,705868014,robot_1,-3.951,-2.748
1776774889,705873965,robot_0,3.411,-2.345
1776774889,705879834,robot_2,-2.088,0.803
1776774889,906052362,robot_3,-2.019,2.190
1776774889,906072268,robot_4,-0.500,-4.419
1776774889,906080575,robot_1,-3.951,-2.748
1776774889,906086589,robot_0,3.412,-2.345
1776774889,906092335,robot_2,-2.061,0.773
1776774890,124907275,robot_3,-2.019,2.191
1776774890,124927441,robot_4,-0.500,-4.419
1776774890,124934699,robot_1,-3.952,-2.747
1776774890,124939802,robot_0,3.412,-2.346
1776774890,124944727,robot_2,-2.031,0.740
1776774890,344766000,robot_3,-2.019,2.191
1776774890,344785539,robot_4,-0.500,-4.420
1776774890,344794750,robot_1,-3.952,-2.747
1776774890,344802519,robot_0,3.412,-2.346
1776774890,344809479,robot_2,-2.001,0.706
1776774890,545280481,robot_3,-2.019,2.191
1776774890,545311251,robot_4,-0.500,-4.420
1776774890,545326203,robot_1,-3.953,-2.747
1776774890,545338518,robot_0,3.412,-2.346
1776774890,545349975,robot_2,-1.975,0.676
1776774890,766871265,robot_3,-2.019,2.191
1776774890,766913095,robot_4,-0.499,-4.421
1776774890,766930589,robot_1,-3.953,-2.748
1776774890,766943954,robot_0,3.413,-2.347
1776774890,766957864,robot_2,-1.945,0.643
1776774890,985207297,robot_3,-2.020,2.191
1776774890,985227034,robot_4,-0.499,-4.421
1776774890,985235036,robot_1,-3.953,-2.748
1776774890,985240921,robot_0,3.413,-2.347
1776774890,985247159,robot_2,-1.916,0.610
1776774891,205849520,robot_3,-2.010,2.188
1776774891,205878780,robot_4,-0.499,-4.421
1776774891,205891908,robot_1,-3.954,-2.748
1776774891,205902694,robot_0,3.414,-2.347
1776774891,205912828,robot_2,-1.887,0.577
1776774891,425244888,robot_3,-2.007,2.188
1776774891,425263900,robot_4,-0.498,-4.422
1776774891,425271826,robot_1,-3.954,-2.748
1776774891,425278056,robot_0,3.414,-2.347
1776774891,425284191,robot_2,-1.857,0.545
1776774891,644663366,robot_3,-2.008,2.188
1776774891,644683122,robot_4,-0.498,-4.422
1776774891,644689997,robot_1,-3.954,-2.749
1776774891,644695682,robot_0,3.415,-2.347
1776774891,644700733,robot_2,-1.828,0.512
1776774891,845630749,robot_3,-2.008,2.188
1776774891,845655382,robot_4,-0.498,-4.422
1776774891,845666473,robot_1,-3.954,-2.749
1776774891,845675059,robot_0,3.415,-2.347
1776774891,845683216,robot_2,-1.800,0.481
1776774892,67033296,robot_3,-2.009,2.188
1776774892,67063938,robot_4,-0.497,-4.422
1776774892,67075569,robot_1,-3.954,-2.750
1776774892,67084910,robot_0,3.415,-2.346
1776774892,67093464,robot_2,-1.759,0.435
1776774892,284832089,robot_3,-2.009,2.188
1776774892,284852362,robot_4,-0.497,-4.422
1776774892,284858727,robot_1,-3.954,-2.750
1776774892,284864713,robot_0,3.416,-2.346
1776774892,284869598,robot_2,-1.727,0.399
1776774892,486403622,robot_3,-2.009,2.188
1776774892,486423542,robot_4,-0.496,-4.422
1776774892,486432766,robot_1,-3.954,-2.750
1776774892,486439939,robot_0,3.416,-2.346
1776774892,486447141,robot_2,-1.700,0.369
1776774892,704366882,robot_3,-2.010,2.187
1776774892,704385171,robot_4,-0.496,-4.421
1776774892,704391894,robot_1,-3.954,-2.749
1776774892,704397859,robot_0,3.416,-2.346
1776774892,704403166,robot_2,-1.671,0.336
1776774892,905526709,robot_3,-2.010,2.187
1776774892,905546648,robot_4,-0.496,-4.421
1776774892,905553864,robot_1,-3.954,-2.749
1776774892,905559031,robot_0,3.416,-2.346
1776774892,905564206,robot_2,-1.644,0.306
1776774893,106022408,robot_3,-2.010,2.187
1776774893,106042304,robot_4,-0.495,-4.421
1776774893,106049050,robot_1,-3.954,-2.749
1776774893,106055788,robot_0,3.416,-2.346
1776774893,106061872,robot_2,-1.618,0.276
1776774893,324745913,robot_3,-2.010,2.187
1776774893,324766091,robot_4,-0.495,-4.420
1776774893,324774404,robot_1,-3.954,-2.748
1776774893,324780971,robot_0,3.415,-2.346
1776774893,324787254,robot_2,-1.589,0.243
1776774893,525840448,robot_3,-2.010,2.186
1776774893,525860335,robot_4,-0.495,-4.420
1776774893,525868014,robot_1,-3.953,-2.748
1776774893,525874083,robot_0,3.415,-2.346
1776774893,525879831,robot_2,-1.562,0.214
1776774893,726483850,robot_3,-2.010,2.186
1776774893,726506236,robot_4,-0.495,-4.420
1776774893,726514652,robot_1,-3.953,-2.748
1776774893,726521239,robot_0,3.414,-2.347
1776774893,726527180,robot_2,-1.535,0.184
1776774893,944366118,robot_3,-2.010,2.186
1776774893,944383406,robot_4,-0.521,-4.413
1776774893,944390122,robot_1,-3.952,-2.748
1776774893,944395817,robot_0,3.414,-2.347
1776774893,944401114,robot_2,-1.506,0.151
1776774894,144745891,robot_3,-2.010,2.185
1776774894,144763331,robot_4,-0.560,-4.402
1776774894,144770409,robot_1,-3.952,-2.748
1776774894,144777015,robot_0,3.413,-2.346
1776774894,144782767,robot_2,-1.479,0.121
1776774894,345034801,robot_3,-2.010,2.185
1776774894,345057226,robot_4,-0.598,-4.391
1776774894,345066780,robot_1,-3.951,-2.748
1776774894,345074633,robot_0,3.412,-2.346
1776774894,345081866,robot_2,-1.445,0.082
1776774894,564823264,robot_3,-2.010,2.184
1776774894,564842573,robot_4,-0.639,-4.380
1776774894,564849691,robot_1,-3.951,-2.748
1776774894,564855059,robot_0,3.412,-2.346
1776774894,564860746,robot_2,-1.401,0.036
1776774894,766297972,robot_3,-2.010,2.184
1776774894,766320377,robot_4,-0.676,-4.370
1776774894,766329074,robot_1,-3.951,-2.748
1776774894,766336299,robot_0,3.411,-2.346
1776774894,766343172,robot_2,-1.372,0.007
1776774894,985346764,robot_3,-2.009,2.184
1776774894,985366144,robot_4,-0.719,-4.358
1776774894,985372895,robot_1,-3.951,-2.748
1776774894,985377662,robot_0,3.411,-2.346
1776774894,985383018,robot_2,-1.341,-0.024
1776774895,185765522,robot_3,-2.009,2.184
1776774895,185783352,robot_4,-0.757,-4.347
1776774895,185791109,robot_1,-3.952,-2.748
1776774895,185797665,robot_0,3.411,-2.346
1776774895,185803448,robot_2,-1.313,-0.052
1776774895,405746741,robot_3,-2.008,2.183
1776774895,405764938,robot_4,-0.800,-4.335
1776774895,405772433,robot_1,-3.952,-2.748
1776774895,405777808,robot_0,3.412,-2.346
1776774895,405783363,robot_2,-1.282,-0.083
1776774895,625144258,robot_3,-2.008,2.183
1776774895,625167504,robot_4,-0.842,-4.324
1776774895,625175826,robot_1,-3.953,-2.748
1776774895,625182205,robot_0,3.412,-2.346
1776774895,625188299,robot_2,-1.251,-0.114
1776774895,825704550,robot_3,-2.008,2.183
1776774895,825723569,robot_4,-0.881,-4.313
1776774895,825732154,robot_1,-3.953,-2.748
1776774895,825739366,robot_0,3.413,-2.346
1776774895,825746477,robot_2,-1.222,-0.142
1776774896,44264634,robot_3,-2.007,2.184
1776774896,44279728,robot_4,-0.923,-4.301
1776774896,44286344,robot_1,-3.953,-2.749
1776774896,44291266,robot_0,3.413,-2.346
1776774896,44295959,robot_2,-1.190,-0.175
1776774896,244563859,robot_3,-2.007,2.184
1776774896,244582698,robot_4,-0.962,-4.290
1776774896,244589700,robot_1,-3.953,-2.749
1776774896,244595321,robot_0,3.413,-2.346
1776774896,244601263,robot_2,-1.151,-0.214
1776774896,447454452,robot_3,-2.007,2.184
1776774896,447492097,robot_4,-1.000,-4.280
1776774896,447530259,robot_1,-3.954,-2.750
1776774896,447553609,robot_0,3.414,-2.346
1776774896,447568514,robot_2,-1.119,-0.246
1776774896,664501569,robot_3,-2.006,2.184
1776774896,664521227,robot_4,-1.042,-4.268
1776774896,664529076,robot_1,-3.954,-2.750
1776774896,664535439,robot_0,3.414,-2.345
1776774896,664546708,robot_2,-1.087,-0.277
1776774896,866135817,robot_3,-2.006,2.184
1776774896,866175880,robot_4,-1.081,-4.257
1776774896,866192853,robot_1,-3.954,-2.750
1776774896,866206741,robot_0,3.415,-2.345
1776774896,866220384,robot_2,-1.059,-0.305
1776774897,85838149,robot_3,-2.007,2.184
1776774897,85884007,robot_4,-1.123,-4.245
1776774897,85900654,robot_1,-3.954,-2.751
1776774897,85915507,robot_0,3.415,-2.345
1776774897,85928840,robot_2,-1.028,-0.336
1776774897,286197759,robot_3,-2.007,2.184
1776774897,286224715,robot_4,-1.162,-4.235
1776774897,286237407,robot_1,-3.953,-2.751
1776774897,286247834,robot_0,3.415,-2.344
1776774897,286256928,robot_2,-1.000,-0.365
1776774897,507361847,robot_3,-2.008,2.184
1776774897,507396169,robot_4,-1.219,-4.219
1776774897,507410523,robot_1,-3.953,-2.752
1776774897,507423524,robot_0,3.414,-2.348
1776774897,507435218,robot_2,-0.969,-0.396
1776774897,726394303,robot_3,-2.008,2.184
1776774897,726419272,robot_4,-1.287,-4.200
1776774897,726431764,robot_1,-3.953,-2.752
1776774897,726442111,robot_0,3.414,-2.348
1776774897,726450626,robot_2,-0.937,-0.427
1776774897,947039034,robot_3,-2.009,2.184
1776774897,947062285,robot_4,-1.329,-4.188
1776774897,947071412,robot_1,-3.952,-2.752
1776774897,947078742,robot_0,3.414,-2.348
1776774897,947085330,robot_2,-0.901,-0.464
1776774898,165575111,robot_3,-2.009,2.184
1776774898,165599716,robot_4,-1.397,-4.169
1776774898,165610132,robot_1,-3.952,-2.752
1776774898,165618285,robot_0,3.414,-2.347
1776774898,165627025,robot_2,-0.861,-0.503
1776774898,385153227,robot_3,-2.010,2.184
1776774898,385173331,robot_4,-1.460,-4.152
1776774898,385180564,robot_1,-3.952,-2.752
1776774898,385186083,robot_0,3.414,-2.347
1776774898,385191737,robot_2,-0.830,-0.534
1776774898,585284146,robot_3,-2.010,2.185
1776774898,585320260,robot_4,-1.499,-4.141
1776774898,585334371,robot_1,-3.952,-2.752
1776774898,585346608,robot_0,3.413,-2.347
1776774898,585357542,robot_2,-0.802,-0.562
1776774898,785526293,robot_3,-2.010,2.185
1776774898,785557543,robot_4,-1.537,-4.130
1776774898,785568200,robot_1,-3.952,-2.752
1776774898,785576287,robot_0,3.413,-2.347
1776774898,785584226,robot_2,-0.773,-0.591
1776774899,4481023,robot_3,-2.010,2.185
1776774899,4499476,robot_4,-1.580,-4.118
1776774899,4506531,robot_1,-3.952,-2.752
1776774899,4511957,robot_0,3.413,-2.347
1776774899,4517536,robot_2,-0.742,-0.622
1776774899,205652962,robot_3,-2.010,2.185
1776774899,205684428,robot_4,-1.617,-4.108
1776774899,205700765,robot_1,-3.952,-2.752
1776774899,205712353,robot_0,3.413,-2.347
1776774899,205724285,robot_2,-0.715,-0.648
1776774899,406389591,robot_3,-2.010,2.185
1776774899,406413994,robot_4,-1.642,-4.101
1776774899,406423076,robot_1,-3.953,-2.752
1776774899,406431298,robot_0,3.413,-2.346
1776774899,406439652,robot_2,-0.688,-0.676
1776774899,624980411,robot_3,-2.009,2.184
1776774899,625000558,robot_4,-1.679,-4.091
1776774899,625009403,robot_1,-3.953,-2.751
1776774899,625015434,robot_0,3.412,-2.346
1776774899,625021158,robot_2,-0.657,-0.707
1776774899,825798063,robot_3,-2.009,2.184
1776774899,825814536,robot_4,-1.717,-4.080
1776774899,825821620,robot_1,-3.953,-2.751
1776774899,825827471,robot_0,3.412,-2.346
1776774899,825832977,robot_2,-0.638,-0.726
1776774900,45106682,robot_3,-2.008,2.184
1776774900,45124590,robot_4,-1.760,-4.068
1776774900,45132055,robot_1,-3.953,-2.750
1776774900,45137867,robot_0,3.412,-2.346
1776774900,45143786,robot_2,-0.611,-0.752
1776774900,265514478,robot_3,-2.008,2.184
1776774900,265553452,robot_4,-1.802,-4.057
1776774900,265567625,robot_1,-3.953,-2.750
1776774900,265579759,robot_0,3.411,-2.346
1776774900,265590669,robot_2,-0.579,-0.784
1776774900,485829318,robot_3,-2.008,2.184
1776774900,485850686,robot_4,-1.845,-4.045
1776774900,485859400,robot_1,-3.953,-2.749
1776774900,485866211,robot_0,3.411,-2.346
1776774900,485872226,robot_2,-0.543,-0.820
1776774900,704870498,robot_3,-2.007,2.185
1776774900,704890705,robot_4,-1.887,-4.033
1776774900,704897907,robot_1,-3.953,-2.749
1776774900,704903811,robot_0,3.410,-2.347
1776774900,704909543,robot_2,-0.511,-0.852
1776774900,905018814,robot_3,-2.007,2.185
1776774900,905036090,robot_4,-1.926,-4.022
1776774900,905042649,robot_1,-3.948,-2.750
1776774900,905047917,robot_0,3.410,-2.347
1776774900,905052841,robot_2,-0.483,-0.880
1776774901,106293654,robot_3,-2.006,2.185
1776774901,106316520,robot_4,-1.976,-4.008
1776774901,106324041,robot_1,-3.910,-2.760
1776774901,106330732,robot_0,3.410,-2.347
1776774901,106338989,robot_2,-0.454,-0.908
1776774901,324673921,robot_3,-2.006,2.185
1776774901,324691962,robot_4,-2.038,-3.989
1776774901,324706831,robot_1,-3.895,-2.763
1776774901,324712128,robot_0,3.410,-2.347
1776774901,324717415,robot_2,-0.423,-0.939
1776774901,525530032,robot_3,-2.006,2.186
1776774901,525551387,robot_4,-2.076,-3.975
1776774901,525559674,robot_1,-3.895,-2.764
1776774901,525566212,robot_0,3.410,-2.347
1776774901,525572907,robot_2,-0.397,-0.964
1776774901,725995869,robot_3,-2.006,2.186
1776774901,726015090,robot_4,-2.115,-3.962
1776774901,726023896,robot_1,-3.895,-2.764
1776774901,726030669,robot_0,3.409,-2.348
1776774901,726037680,robot_2,-0.374,-0.987
1776774901,926675127,robot_3,-2.006,2.187
1776774901,926700847,robot_4,-2.153,-3.948
1776774901,926711221,robot_1,-3.895,-2.764
1776774901,926719240,robot_0,3.409,-2.348
1776774901,926727280,robot_2,-0.345,-1.015
1776774902,145352460,robot_3,-2.006,2.187
1776774902,145374074,robot_4,-2.195,-3.933
1776774902,145382385,robot_1,-3.894,-2.765
1776774902,145389422,robot_0,3.409,-2.349
1776774902,145398487,robot_2,-0.306,-1.054
1776774902,345768221,robot_3,-2.006,2.188
1776774902,345794341,robot_4,-2.251,-3.912
1776774902,345801537,robot_1,-3.894,-2.765
1776774902,345807866,robot_0,3.409,-2.349
1776774902,345814316,robot_2,-0.264,-1.095
1776774902,565871049,robot_3,-2.006,2.188
1776774902,565901076,robot_4,-2.312,-3.888
1776774902,565913971,robot_1,-3.894,-2.765
1776774902,565926625,robot_0,3.410,-2.350
1776774902,565938991,robot_2,-0.233,-1.126
1776774902,766182269,robot_3,-2.006,2.188
1776774902,766199859,robot_4,-2.349,-3.873
1776774902,766207067,robot_1,-3.894,-2.766
1776774902,766213848,robot_0,3.410,-2.350
1776774902,766221401,robot_2,-0.204,-1.154
1776774902,985304193,robot_3,-2.006,2.188
1776774902,985325882,robot_4,-2.416,-3.845
1776774902,985333286,robot_1,-3.893,-2.766
1776774902,985339498,robot_0,3.410,-2.350
1776774902,985345740,robot_2,-0.173,-1.185
1776774903,185813352,robot_3,-2.007,2.188
1776774903,185839313,robot_4,-2.469,-3.823
1776774903,185851207,robot_1,-3.893,-2.766
1776774903,185861335,robot_0,3.410,-2.351
1776774903,185870762,robot_2,-0.145,-1.213
1776774903,405604853,robot_3,-2.007,2.188
1776774903,405620609,robot_4,-2.511,-3.806
1776774903,405627401,robot_1,-3.892,-2.766
1776774903,405633901,robot_0,3.411,-2.351
1776774903,405638913,robot_2,-0.113,-1.244
1776774903,606887968,robot_3,-2.007,2.189
1776774903,606914224,robot_4,-2.579,-3.778
1776774903,606925247,robot_1,-3.892,-2.766
1776774903,606934458,robot_0,3.411,-2.351
1776774903,606942801,robot_2,-0.085,-1.272
1776774903,825783215,robot_3,-2.008,2.189
1776774903,825805520,robot_4,-2.626,-3.754
1776774903,825814665,robot_1,-3.891,-2.766
1776774903,825821920,robot_0,3.412,-2.351
1776774903,825829122,robot_2,-0.053,-1.303
1776774904,45627535,robot_3,-2.008,2.189
1776774904,45646463,robot_4,-2.615,-3.754
1776774904,45654009,robot_1,-3.891,-2.765
1776774904,45660070,robot_0,3.412,-2.351
1776774904,45665702,robot_2,-0.022,-1.334
1776774904,265989206,robot_3,-2.009,2.189
1776774904,266005553,robot_4,-2.596,-3.759
1776774904,266012281,robot_1,-3.891,-2.765
1776774904,266017504,robot_0,3.413,-2.351
1776774904,266023934,robot_2,0.009,-1.365
1776774904,485299792,robot_3,-2.009,2.189
1776774904,485321218,robot_4,-2.577,-3.762
1776774904,485330315,robot_1,-3.890,-2.765
1776774904,485337972,robot_0,3.413,-2.351
1776774904,485345830,robot_2,0.041,-1.395
1776774904,705102414,robot_3,-2.009,2.189
1776774904,705119790,robot_4,-2.558,-3.754
1776774904,705126410,robot_1,-3.890,-2.764
1776774904,705131437,robot_0,3.413,-2.350
1776774904,705136509,robot_2,0.072,-1.426
1776774904,905917028,robot_3,-2.010,2.188
1776774904,905946257,robot_4,-2.544,-3.744
1776774904,905960851,robot_1,-3.890,-2.764
1776774904,905973090,robot_0,3.414,-2.350
1776774904,905987381,robot_2,0.101,-1.454
1776774905,127039434,robot_3,-2.010,2.188
1776774905,127061197,robot_4,-2.543,-3.743
1776774905,127068599,robot_1,-3.890,-2.764
1776774905,127074246,robot_0,3.414,-2.350
1776774905,127079259,robot_2,0.135,-1.488
1776774905,345652603,robot_3,-2.010,2.188
1776774905,345669563,robot_4,-2.543,-3.743
1776774905,345676109,robot_1,-3.890,-2.764
1776774905,345681320,robot_0,3.414,-2.350
1776774905,345686947,robot_2,0.172,-1.525
1776774905,565553166,robot_3,-2.010,2.188
1776774905,565579469,robot_4,-2.544,-3.743
1776774905,565590002,robot_1,-3.890,-2.763
1776774905,565598786,robot_0,3.413,-2.350
1776774905,565607477,robot_2,0.204,-1.556
1776774905,765884636,robot_3,-2.011,2.187
1776774905,765920060,robot_4,-2.544,-3.743
1776774905,765933093,robot_1,-3.890,-2.763
1776774905,765942913,robot_0,3.413,-2.350
1776774905,765952837,robot_2,0.230,-1.580
1776774905,986114189,robot_3,-2.011,2.187
1776774905,986134671,robot_4,-2.545,-3.743
1776774905,986143265,robot_1,-3.890,-2.762
1776774905,986151557,robot_0,3.413,-2.351
1776774905,986158602,robot_2,0.258,-1.608
1776774906,186429579,robot_3,-2.011,2.186
1776774906,186453486,robot_4,-2.545,-3.743
1776774906,186464377,robot_1,-3.891,-2.762
1776774906,186473033,robot_0,3.412,-2.351
1776774906,186481452,robot_2,0.287,-1.636
1776774906,404455491,robot_3,-2.011,2.186
1776774906,404471801,robot_4,-2.545,-3.743
1776774906,404478298,robot_1,-3.891,-2.762
1776774906,404483885,robot_0,3.411,-2.351
1776774906,404488581,robot_2,0.318,-1.667
1776774906,605215858,robot_3,-2.010,2.186
1776774906,605238500,robot_4,-2.545,-3.743
1776774906,605245998,robot_1,-3.891,-2.761
1776774906,605252398,robot_0,3.411,-2.350
1776774906,605257986,robot_2,0.347,-1.694
1776774906,806338521,robot_3,-2.010,2.185
1776774906,806367898,robot_4,-2.545,-3.743
1776774906,806382038,robot_1,-3.892,-2.761
1776774906,806393138,robot_0,3.411,-2.350
1776774906,806403711,robot_2,0.376,-1.722
1776774907,6404215,robot_3,-2.010,2.185
1776774907,6433752,robot_4,-2.546,-3.743
1776774907,6444500,robot_1,-3.892,-2.761
1776774907,6452201,robot_0,3.410,-2.350
1776774907,6460177,robot_2,0.404,-1.750
1776774907,224617775,robot_3,-2.010,2.185
1776774907,224635012,robot_4,-2.546,-3.742
1776774907,224641317,robot_1,-3.892,-2.761
1776774907,224646400,robot_0,3.410,-2.350
1776774907,224651496,robot_2,0.436,-1.781
1776774907,444348539,robot_3,-2.009,2.184
1776774907,444369512,robot_4,-2.544,-3.746
1776774907,444376644,robot_1,-3.892,-2.761
1776774907,444382203,robot_0,3.410,-2.349
1776774907,444387806,robot_2,0.467,-1.812
1776774907,645330309,robot_3,-2.009,2.184
1776774907,645346167,robot_4,-2.544,-3.747
1776774907,645352241,robot_1,-3.892,-2.761
1776774907,645357196,robot_0,3.410,-2.350
1776774907,645362555,robot_2,0.496,-1.839
1776774907,845607887,robot_3,-2.008,2.184
1776774907,845626663,robot_4,-2.544,-3.746
1776774907,845635439,robot_1,-3.892,-2.761
1776774907,845643606,robot_0,3.410,-2.350
1776774907,845651512,robot_2,0.525,-1.867
1776774908,65006037,robot_3,-2.008,2.184
1776774908,65025773,robot_4,-2.544,-3.746
1776774908,65032653,robot_1,-3.892,-2.762
1776774908,65038328,robot_0,3.411,-2.350
1776774908,65044689,robot_2,0.558,-1.899
1776774908,265482627,robot_3,-2.007,2.184
1776774908,265500850,robot_4,-2.544,-3.745
1776774908,265508686,robot_1,-3.891,-2.762
1776774908,265514763,robot_0,3.411,-2.350
1776774908,265521204,robot_2,0.592,-1.933
1776774908,465845470,robot_3,-2.007,2.185
1776774908,465868086,robot_4,-2.533,-3.748
1776774908,465876526,robot_1,-3.891,-2.762
1776774908,465883235,robot_0,3.411,-2.350
1776774908,465889347,robot_2,0.623,-1.962
1776774908,685723975,robot_3,-2.007,2.185
1776774908,685745258,robot_4,-2.490,-3.757
1776774908,685754646,robot_1,-3.891,-2.763
1776774908,685761817,robot_0,3.412,-2.350
1776774908,685769161,robot_2,0.660,-1.998
1776774908,886299530,robot_3,-2.007,2.185
1776774908,886328280,robot_4,-2.451,-3.765
1776774908,886338392,robot_1,-3.890,-2.763
1776774908,886346110,robot_0,3.412,-2.350
1776774908,886355489,robot_2,0.707,-2.046
1776774909,105004894,robot_3,-2.007,2.184
1776774909,105023899,robot_4,-2.408,-3.775
1776774909,105031454,robot_1,-3.890,-2.764
1776774909,105037880,robot_0,3.413,-2.350
1776774909,105043810,robot_2,0.743,-2.085
1776774909,324706360,robot_3,-2.008,2.184
1776774909,324723684,robot_4,-2.365,-3.784
1776774909,324730507,robot_1,-3.890,-2.764
1776774909,324736506,robot_0,3.413,-2.349
1776774909,324742285,robot_2,0.777,-2.122
1776774909,525265744,robot_3,-2.008,2.184
1776774909,525287687,robot_4,-2.326,-3.793
1776774909,525298108,robot_1,-3.891,-2.765
1776774909,525306496,robot_0,3.413,-2.349
1776774909,525314343,robot_2,0.812,-2.159
1776774909,725442703,robot_3,-2.009,2.185
1776774909,725483723,robot_4,-2.287,-3.801
1776774909,725505034,robot_1,-3.891,-2.765
1776774909,725522597,robot_0,3.414,-2.349
1776774909,725550335,robot_2,0.841,-2.187
1776774909,925437376,robot_3,-2.009,2.185
1776774909,925463514,robot_4,-2.248,-3.810
1776774909,925476070,robot_1,-3.891,-2.765
1776774909,925486607,robot_0,3.414,-2.348
1776774909,925497255,robot_2,0.870,-2.215
1776774910,144680622,robot_3,-2.010,2.185
1776774910,144697586,robot_4,-2.205,-3.819
1776774910,144704380,robot_1,-3.891,-2.764
1776774910,144710112,robot_0,3.414,-2.348
1776774910,144715769,robot_2,0.901,-2.245
1776774910,364603785,robot_3,-2.010,2.185
1776774910,364618616,robot_4,-2.162,-3.829
1776774910,364625087,robot_1,-3.891,-2.764
1776774910,364630154,robot_0,3.414,-2.347
1776774910,364635038,robot_2,0.933,-2.276
1776774910,566508381,robot_3,-2.010,2.186
1776774910,566536262,robot_4,-2.123,-3.837
1776774910,566562025,robot_1,-3.891,-2.764
1776774910,566573950,robot_0,3.414,-2.347
1776774910,566584378,robot_2,0.962,-2.303
1776774910,784691661,robot_3,-2.010,2.186
1776774910,784711163,robot_4,-2.080,-3.847
1776774910,784717826,robot_1,-3.891,-2.763
1776774910,784723308,robot_0,3.413,-2.347
1776774910,784729091,robot_2,0.994,-2.334
1776774910,985943736,robot_3,-2.010,2.186
1776774910,985969884,robot_4,-2.041,-3.855
1776774910,985981685,robot_1,-3.891,-2.763
1776774910,985991503,robot_0,3.413,-2.346
1776774910,986000645,robot_2,1.023,-2.361
1776774911,204619360,robot_3,-2.010,2.186
1776774911,204634899,robot_4,-1.998,-3.865
1776774911,204648587,robot_1,-3.891,-2.762
1776774911,204653610,robot_0,3.413,-2.346
1776774911,204659129,robot_2,1.051,-2.388
1776774911,405588616,robot_3,-2.010,2.186
1776774911,405617039,robot_4,-1.959,-3.873
1776774911,405624691,robot_1,-3.892,-2.762
1776774911,405633414,robot_0,3.403,-2.353
1776774911,405640078,robot_2,1.078,-2.413
1776774911,606661464,robot_3,-2.010,2.186
1776774911,606687828,robot_4,-1.920,-3.882
1776774911,606698803,robot_1,-3.892,-2.762
1776774911,606707985,robot_0,3.374,-2.371
1776774911,606717858,robot_2,1.108,-2.439
1776774911,826493953,robot_3,-2.010,2.186
1776774911,826519618,robot_4,-1.877,-3.891
1776774911,826531780,robot_1,-3.893,-2.762
1776774911,826546614,robot_0,3.336,-2.393
1776774911,826556254,robot_2,1.128,-2.456
1776774912,46002949,robot_3,-2.009,2.185
1776774912,46019747,robot_4,-1.833,-3.901
1776774912,46026849,robot_1,-3.893,-2.762
1776774912,46033363,robot_0,3.297,-2.414
1776774912,46039230,robot_2,1.155,-2.479
1776774912,266670865,robot_3,-2.009,2.185
1776774912,266690087,robot_4,-1.785,-3.911
1776774912,266698503,robot_1,-3.894,-2.762
1776774912,266705303,robot_0,3.259,-2.435
1776774912,266712036,robot_2,1.188,-2.508
1776774912,485862952,robot_3,-2.009,2.185
1776774912,485893515,robot_4,-1.742,-3.921
1776774912,485905861,robot_1,-3.894,-2.762
1776774912,485916446,robot_0,3.220,-2.456
1776774912,485926654,robot_2,1.221,-2.537
